 ***************************遗传算法进化代数:   1 最大目标函数值:  0.8194****** 耗时:     2s*****************************************
        6427        6634        6878        6901        7093        7157        7205        7298        7305        7327        7441        7531        7573        7645        8194        8194
        6427       13061       19939       26840       33933       41090       48295       55593       62898       70225       77666       85197       92770      100415      108609      116803
  5.50242700E-02  0.11182076      0.17070623      0.22978862      0.29051480      0.35178891      0.41347396      0.47595525      0.53849643      0.60122597      0.66493154      0.72940761      0.79424328      0.85969537      0.92984772       1.0000000    
        6901           4
        7531          12
        7298           8
        7305           9
        7298           8
        6634           2
        7305           9
        7441          11
        7327          10
        8194          16
        6634           2
        8194          15
        7441          11
        7645          14
        7573          13
        7531          12
 ***************************遗传算法进化代数:   2 最大目标函数值:  0.7557****** 耗时:     3s*****************************************
        5618        6136        6186        6518        6523        6585        6630        6676        6901        6904        7131        7165        7276        7361        7401        7557
        5618       11754       17940       24458       30981       37566       44196       50872       57773       64677       71808       78973       86249       93610      101011      108568
  5.17463721E-02  0.10826395      0.16524206      0.22527817      0.28536034      0.34601355      0.40708128      0.46857271      0.53213656      0.59572804      0.66141033      0.72740585      0.79442376      0.86222458      0.93039387       1.0000000    
        5618           1
        5618           1
        6136           2
        6901           9
        6901           9
        6585           6
        7361          14
        6904          10
        7165          12
        7276          13
        6901           9
        7557          16
        7401          15
        6676           8
        6585           6
        6904          10
 ***************************遗传算法进化代数:   3 最大目标函数值:  0.7388****** 耗时:     5s*****************************************
        5352        5964        5971        6273        6576        6578        6605        6687        6773        6884        6911        7050        7208        7292        7363        7388
        5352       11316       17287       23560       30136       36714       43319       50006       56779       63663       70574       77624       84832       92124       99487      106875
  5.00771925E-02  0.10588070      0.16174971      0.22044444      0.28197426      0.34352282      0.40532398      0.46789241      0.53126550      0.59567720      0.66034150      0.72630644      0.79374969      0.86197895      0.93087250       1.0000000    
        6687           8
        6576           5
        6576           5
        5971           3
        6578           6
        7292          14
        5352           1
        6687           8
        6773           9
        7363          15
        6273           4
        6576           5
        6911          11
        7363          15
        6773           9
        5964           2
 ***************************遗传算法进化代数:   4 最大目标函数值:  0.7359****** 耗时:     7s*****************************************
        5962        6114        6228        6451        6565        6592        6611        6619        6654        6670        6685        6760        7112        7200        7319        7359
        5962       12076       18304       24755       31320       37912       44523       51142       57796       64466       71151       77911       85023       92223       99542      106901
  5.57712279E-02  0.11296433      0.17122385      0.23156939      0.29298136      0.35464588      0.41648814      0.47840527      0.54064977      0.60304391      0.66557842      0.72881448      0.79534334      0.86269540      0.93116063       1.0000000    
        6685          11
        6565           5
        6592           6
        6565           5
        6611           7
        6592           6
        6592           6
        5962           1
        6685          11
        7112          13
        6611           7
        6654           9
        7200          14
        6114           2
        7359          16
        5962           1
 ***************************遗传算法进化代数:   5 最大目标函数值:  0.7306****** 耗时:     8s*****************************************
        4733        5687        6029        6129        6283        6293        6407        6489        6521        6646        6670        6770        6801        6855        7203        7306
        4733       10420       16449       22578       28861       35154       41561       48050       54571       61217       67887       74657       81458       88313       95516      102822
  4.60310057E-02  0.10134018      0.15997550      0.21958336      0.28068897      0.34189183      0.40420339      0.46731246      0.53073275      0.59536868      0.66023809      0.72608000      0.79222345      0.85889208      0.92894518       1.0000000    
        5687           2
        6670          11
        7203          15
        6489           8
        6801          13
        7203          15
        5687           2
        6283           5
        6283           5
        6770          12
        7306          16
        6670          11
        6521           9
        6855          14
        6670          11
        6670          11
 ***************************遗传算法进化代数:   6 最大目标函数值:  0.7204****** 耗时:    10s*****************************************
        4891        5858        6141        6185        6205        6261        6390        6456        6623        6634        6643        6655        6812        6896        7025        7204
        4891       10749       16890       23075       29280       35541       41931       48387       55010       61644       68287       74942       81754       88650       95675      102879
  4.75412868E-02  0.10448197      0.16417344      0.22429262      0.28460619      0.34546408      0.40757588      0.47032923      0.53470582      0.59918934      0.66376036      0.72844797      0.79466170      0.86169189      0.92997599       1.0000000    
        5858           2
        6205           5
        6623           9
        6623           9
        6643          11
        6623           9
        6141           3
        6456           8
        6623           9
        6185           4
        6655          12
        5858           2
        6655          12
        6261           6
        6655          12
        6261           6
 ***************************遗传算法进化代数:   7 最大目标函数值:  0.7186****** 耗时:    12s*****************************************
        5183        5852        6066        6222        6289        6302        6361        6465        6532        6558        6681        6749        6869        6908        6968        7186
        5183       11035       17101       23323       29612       35914       42275       48740       55272       61830       68511       75260       82129       89037       96005      103191
  5.02272472E-02  0.10693762      0.16572182      0.22601777      0.28696302      0.34803423      0.40967721      0.47232801      0.53562808      0.59918016      0.66392416      0.72932714      0.79589307      0.86283690      0.93036216       1.0000000    
        6361           7
        5852           2
        6361           7
        5852           2
        6465           8
        6749          12
        6289           5
        6869          13
        6681          11
        6968          15
        6869          13
        5852           2
        6222           4
        6681          11
        6532           9
        6289           5
 ***************************遗传算法进化代数:   8 最大目标函数值:  0.7109****** 耗时:    13s*****************************************
        5160        5831        6021        6126        6144        6290        6325        6408        6448        6609        6621        6710        6776        6904        6940        7109
        5160       10991       17012       23138       29282       35572       41897       48305       54753       61362       67983       74693       81469       88373       95313      102422
  5.03798015E-02  0.10731093      0.16609713      0.22590850      0.28589562      0.34730819      0.40906250      0.47162718      0.53458244      0.59910959      0.66375387      0.72926712      0.79542482      0.86283219      0.93059111       1.0000000    
        6904          14
        6776          13
        6126           4
        6904          14
        6144           5
        5831           2
        6448           9
        6448           9
        6904          14
        6621          11
        6325           7
        6126           4
        6126           4
        6290           6
        5831           2
        6408           8
 ***************************遗传算法进化代数:   9 最大目标函数值:  0.6923****** 耗时:    15s*****************************************
        5271        5821        6001        6099        6179        6245        6281        6443        6536        6538        6587        6639        6731        6741        6843        6923
        5271       11092       17093       23192       29371       35616       41897       48340       54876       61414       68001       74640       81371       88112       94955      101878
  5.17383553E-02  0.10887532      0.16777910      0.22764483      0.28829581      0.34959462      0.41124678      0.47448909      0.53864425      0.60281909      0.66747481      0.73264098      0.79871023      0.86487758      0.93204618       1.0000000    
        6587          11
        6281           7
        6923          16
        6587          11
        6923          16
        6281           7
        6179           5
        6179           5
        6443           8
        6741          14
        6923          16
        6538          10
        6538          10
        6639          12
        5271           1
        5271           1
 ***************************遗传算法进化代数:  10 最大目标函数值:  0.6922****** 耗时:    17s*****************************************
        5473        5907        6099        6161        6201        6202        6206        6279        6331        6506        6643        6659        6725        6770        6771        6922
        5473       11380       17479       23640       29841       36043       42249       48528       54859       61365       68008       74667       81392       88162       94933      101855
  5.37332483E-02  0.11172745      0.17160669      0.23209465      0.29297531      0.35386580      0.41479555      0.47644201      0.53859901      0.60247409      0.66769427      0.73307151      0.79909676      0.86556381      0.93204063       1.0000000    
        6643          11
        6643          11
        6279           8
        6770          14
        6771          15
        6770          14
        6206           7
        6659          12
        6099           3
        6161           4
        6099           3
        6279           8
        6922          16
        6201           5
        6099           3
        6922          16
 ***************************遗传算法进化代数:  11 最大目标函数值:  0.6949****** 耗时:    18s*****************************************
        5660        5831        5991        6169        6195        6228        6278        6282        6294        6481        6639        6699        6714        6778        6804        6949
        5660       11491       17482       23651       29846       36074       42352       48634       54928       61409       68048       74747       81461       88239       95043      101992
  5.54945469E-02  0.11266570      0.17140560      0.23189074      0.29263079      0.35369441      0.41524825      0.47684133      0.53855205      0.60209626      0.66718960      0.73287123      0.79869992      0.86515611      0.93186718       1.0000000    
        6294           9
        6294           9
        6278           7
        6481          10
        6294           9
        5831           2
        6699          12
        5991           3
        6804          15
        6804          15
        6278           7
        6228           6
        6278           7
        6804          15
        6804          15
        5831           2
 ***************************遗传算法进化代数:  12 最大目标函数值:  0.6969****** 耗时:    20s*****************************************
        5651        5899        6038        6138        6219        6253        6294        6351        6364        6376        6669        6705        6743        6767        6781        6969
        5651       11550       17588       23726       29945       36198       42492       48843       55207       61583       68252       74957       81700       88467       95248      102217
  5.52843474E-02  0.11299490      0.17206532      0.23211403      0.29295519      0.35412896      0.41570383      0.47783637      0.54009604      0.60247320      0.66771674      0.73331249      0.79927999      0.86548227      0.93182153       1.0000000    
        6669          11
        6705          12
        6969          16
        6253           6
        6743          13
        6781          15
        6138           4
        6705          12
        6376          10
        6038           3
        6138           4
        6969          16
        6351           8
        6781          15
        6767          14
        6376          10
 ***************************遗传算法进化代数:  13 最大目标函数值:  0.7007****** 耗时:    22s*****************************************
        5778        5946        6028        6170        6222        6307        6308        6347        6422        6429        6734        6736        6752        6756        6833        7007
        5778       11724       17752       23922       30144       36451       42759       49106       55528       61957       68691       75427       82179       88935       95768      102775
  5.62198982E-02  0.11407443      0.17272682      0.23276089      0.29330090      0.35466796      0.41604477      0.47780102      0.54028702      0.60284114      0.66836292      0.73390418      0.79960108      0.86533689      0.93182194       1.0000000    
        5946           2
        6028           3
        6028           3
        6734          11
        6028           3
        5946           2
        6170           4
        6028           3
        5946           2
        6170           4
        6347           8
        6170           4
        6307           6
        6734          11
        6756          14
        6422           9
 ***************************遗传算法进化代数:  14 最大目标函数值:  0.6993****** 耗时:    23s*****************************************
        5879        6012        6025        6208        6238        6325        6332        6338        6424        6431        6480        6771        6773        6805        6828        6993
        5879       11891       17916       24124       30362       36687       43019       49357       55781       62212       68692       75463       82236       89041       95869      102862
  5.71542457E-02  0.11560149      0.17417511      0.23452781      0.29517218      0.35666233      0.41822052      0.47983706      0.54228967      0.60481036      0.66780734      0.73363340      0.79947889      0.86563551      0.93201572       1.0000000    
        6480          11
        6993          16
        6431          10
        6480          11
        6338           8
        6431          10
        6238           5
        6828          15
        5879           1
        6771          12
        6332           7
        6431          10
        6332           7
        6025           3
        6325           6
        6325           6
 ***************************遗传算法进化代数:  15 最大目标函数值:  0.7005****** 耗时:    25s*****************************************
        5864        5937        5998        6004        6102        6279        6338        6353        6447        6447        6501        6752        6784        6827        6857        7005
        5864       11801       17799       23803       29905       36184       42522       48875       55322       61769       68270       75022       81806       88633       95490      102495
  5.72125465E-02  0.11513732      0.17365725      0.23223571      0.29177034      0.35303184      0.41486901      0.47685254      0.53975314      0.60265380      0.66608125      0.73195767      0.79814625      0.86475438      0.93165523       1.0000000    
        6353           8
        6501          11
        6102           5
        6501          11
        5864           1
        6752          12
        6827          14
        5998           3
        6447           9
        5864           1
        6338           7
        6279           6
        5998           3
        6353           8
        6338           7
        6447           9
 ***************************遗传算法进化代数:  16 最大目标函数值:  0.6950****** 耗时:    27s*****************************************
        5883        5894        5982        6011        6175        6193        6218        6379        6486        6500        6505        6569        6629        6790        6809        6950
        5883       11777       17759       23770       29945       36138       42356       48735       55221       61721       68226       74795       81424       88214       95023      101973
  5.76917417E-02  0.11549135      0.17415394      0.23310092      0.29365617      0.35438794      0.41536486      0.47792062      0.54152572      0.60526806      0.66905946      0.73347849      0.79848588      0.86507213      0.93184471       1.0000000    
        6629          13
        6011           4
        6790          14
        6011           4
        6486           9
        6505          11
        5894           2
        6193           6
        6569          12
        5883           1
        6950          16
        6379           8
        6809          15
        6193           6
        6629          13
        6569          12
 ***************************遗传算法进化代数:  17 最大目标函数值:  0.6781****** 耗时:    29s*****************************************
        5692        5888        5943        6028        6108        6223        6237        6292        6437        6445        6498        6506        6556        6668        6669        6781
        5692       11580       17523       23551       29659       35882       42119       48411       54848       61293       67791       74297       80853       87521       94190      100971
  5.63726202E-02  0.11468639      0.17354488      0.23324519      0.29373780      0.35536936      0.41713956      0.47945449      0.54320550      0.60703570      0.67139077      0.73582512      0.80075467      0.86679345      0.93284208       1.0000000    
        6668          14
        6506          12
        6237           7
        6669          15
        6292           8
        6223           6
        6292           8
        6028           4
        6781          16
        6292           8
        6292           8
        6506          12
        5888           2
        6108           5
        6669          15
        5692           1
 ***************************遗传算法进化代数:  18 最大目标函数值:  0.6624****** 耗时:    30s*****************************************
        5529        5756        5850        5927        5963        6040        6057        6209        6315        6387        6461        6472        6510        6529        6568        6624
        5529       11285       17135       23062       29025       35065       41122       47331       53646       60033       66494       72966       79476       86005       92573       99197
  5.57375737E-02  0.11376352      0.17273708      0.23248687      0.29259959      0.35348850      0.41454881      0.47714144      0.54080266      0.60518968      0.67032272      0.73556662      0.80119359      0.86701208      0.93322378       1.0000000    
        5529           1
        5756           2
        6387          10
        6057           7
        6510          13
        5756           2
        6568          15
        6510          13
        6529          14
        5963           5
        6624          16
        6472          12
        5529           1
        6387          10
        6529          14
        6568          15
 ***************************遗传算法进化代数:  19 最大目标函数值:  0.6622****** 耗时:    32s*****************************************
        5434        5598        5701        5752        5831        5929        6049        6058        6182        6201        6341        6346        6410        6419        6555        6622
        5434       11032       16733       22485       28316       34245       40294       46352       52534       58735       65076       71422       77832       84251       90806       97428
  5.57745211E-02  0.11323234      0.17174734      0.23078582      0.29063514      0.35149032      0.41357720      0.47575647      0.53920841      0.60285544      0.66793942      0.73307467      0.79886687      0.86475140      0.93203187       1.0000000    
        6049           7
        6346          12
        6201          10
        6622          16
        6555          15
        6410          13
        6622          16
        5831           5
        5598           2
        5434           1
        5929           6
        5434           1
        5701           3
        6058           8
        6410          13
        6182           9
 ***************************遗传算法进化代数:  20 最大目标函数值:  0.6446****** 耗时:    34s*****************************************
        5324        5480        5630        5793        5833        5864        5910        6014        6019        6086        6119        6274        6368        6421        6426        6446
        5324       10804       16434       22227       28060       33924       39834       45848       51867       57953       64072       70346       76714       83135       89561       96007
  5.54542914E-02  0.11253346      0.17117502      0.23151436      0.29227036      0.35334924      0.41490725      0.47754851      0.54024184      0.60363305      0.66736799      0.73271739      0.79904592      0.86592644      0.93285906       1.0000000    
        5864           6
        6421          14
        5910           7
        5630           3
        6446          16
        6086          10
        6274          12
        6086          10
        6274          12
        6421          14
        6086          10
        5864           6
        6421          14
        5324           1
        6019           9
        5324           1


 *************************************************************
 *************并行遗传算法率定swat参数**********************


 开始时间: 20170509 22:10:00:096   结束时间: 20170509 22:10:34:525    历时:   34s


 率定的参数个数:  4 迭代次数:   20  种子个数:   16  进程数:   16


 the best simulate: the recur_num =  1    the seed_num = 12


 best object function value(  0.8194) not arrive the threshold(0.90)


 *************************************************************
 *************************************************************
