reach(subbasin) number:       3


year    month    simu_value
1990       1      0.2995E-01
1990       2      0.5456E+00
1990       3      0.1236E+02
1990       4      0.2449E+02
1990       5      0.1290E+02
1990       6      0.2944E+00
1990       7      0.0000E+00
1990       8      0.0000E+00
1990       9      0.0000E+00
1990      10      0.0000E+00
1990      11      0.0000E+00
1990      12      0.2479E-02
1991       1      0.0000E+00
1991       2      0.0000E+00
1991       3      0.2166E+02
1991       4      0.4402E+02
1991       5      0.2680E+02
1991       6      0.7582E+01
1991       7      0.0000E+00
1991       8      0.0000E+00
1991       9      0.0000E+00
1991      10      0.0000E+00
1991      11      0.1338E+01
1991      12      0.8462E+01
1992       1      0.3958E+01
1992       2      0.8109E+01
1992       3      0.2720E+02
1992       4      0.5113E+02
1992       5      0.4527E+02
1992       6      0.2839E+02
1992       7      0.6019E+01
1992       8      0.5648E-01
1992       9      0.0000E+00
1992      10      0.0000E+00
1992      11      0.8713E+00
1992      12      0.1325E+02
1993       1      0.8871E+01
1993       2      0.7993E+01
1993       3      0.2452E+02
1993       4      0.2598E+02
1993       5      0.3394E+02
1993       6      0.1635E+02
1993       7      0.1421E+01
1993       8      0.0000E+00
1993       9      0.0000E+00
1993      10      0.0000E+00
1993      11      0.4010E+00
1993      12      0.1584E+02
1994       1      0.2802E+02
1994       2      0.2777E+02
1994       3      0.5566E+02
1994       4      0.4762E+02
1994       5      0.3933E+02
1994       6      0.1627E+02
1994       7      0.1625E+01
1994       8      0.0000E+00
1994       9      0.0000E+00
1994      10      0.0000E+00
1994      11      0.1444E+02
1994      12      0.2719E+02
1995       1      0.1978E+02
1995       2      0.3183E+02
1995       3      0.2158E+02
1995       4      0.2436E+02
1995       5      0.4320E+02
1995       6      0.3465E+02
1995       7      0.1566E+02
1995       8      0.1320E+01
1995       9      0.0000E+00
1995      10      0.0000E+00
1995      11      0.0000E+00
1995      12      0.0000E+00
1996       1      0.0000E+00
1996       2      0.0000E+00
1996       3      0.1262E+02
1996       4      0.3782E+02
1996       5      0.3484E+02
1996       6      0.1520E+02
1996       7      0.9146E+00
1996       8      0.0000E+00
1996       9      0.0000E+00
1996      10      0.0000E+00
1996      11      0.0000E+00
1996      12      0.0000E+00
1997       1      0.0000E+00
1997       2      0.0000E+00
1997       3      0.0000E+00
1997       4      0.0000E+00
1997       5      0.0000E+00
1997       6      0.0000E+00
1997       7      0.0000E+00
1997       8      0.0000E+00
1997       9      0.0000E+00
1997      10      0.0000E+00
1997      11      0.0000E+00
1997      12      0.0000E+00
1998       1      0.6479E-02
1998       2      0.1713E-02
1998       3      0.3579E+02
1998       4      0.4586E+02
1998       5      0.3300E+02
1998       6      0.7312E+01
1998       7      0.5974E-02
1998       8      0.0000E+00
1998       9      0.0000E+00
1998      10      0.0000E+00
1998      11      0.0000E+00
1998      12      0.0000E+00
1999       1      0.0000E+00
1999       2      0.0000E+00
1999       3      0.4917E+00
1999       4      0.2245E+01
1999       5      0.0000E+00
1999       6      0.0000E+00
1999       7      0.0000E+00
1999       8      0.0000E+00
1999       9      0.0000E+00
1999      10      0.0000E+00
1999      11      0.0000E+00
1999      12      0.0000E+00
2000       1      0.0000E+00
2000       2      0.0000E+00
2000       3      0.1084E+02
2000       4      0.2560E+02
2000       5      0.1172E+02
2000       6      0.3809E+00
2000       7      0.0000E+00
2000       8      0.0000E+00
2000       9      0.0000E+00
2000      10      0.0000E+00
2000      11      0.0000E+00
2000      12      0.1807E-02
2001       1      0.0000E+00
2001       2      0.0000E+00
2001       3      0.2127E+00
2001       4      0.0000E+00
2001       5      0.0000E+00
2001       6      0.0000E+00
2001       7      0.0000E+00
2001       8      0.0000E+00
2001       9      0.0000E+00
2001      10      0.0000E+00
2001      11      0.0000E+00
2001      12      0.6647E-03
