reach(subbasin) number:       3


year    month    simu_value
1990       1      0.2966E-01
1990       2      0.3212E+00
1990       3      0.2952E+01
1990       4      0.8951E+01
1990       5      0.2186E+01
1990       6      0.0000E+00
1990       7      0.0000E+00
1990       8      0.0000E+00
1990       9      0.0000E+00
1990      10      0.0000E+00
1990      11      0.0000E+00
1990      12      0.2385E-02
1991       1      0.0000E+00
1991       2      0.0000E+00
1991       3      0.3361E+01
1991       4      0.1160E+02
1991       5      0.5350E+01
1991       6      0.3104E+00
1991       7      0.0000E+00
1991       8      0.0000E+00
1991       9      0.0000E+00
1991      10      0.0000E+00
1991      11      0.1809E-01
1991      12      0.1069E+01
1992       1      0.7494E+00
1992       2      0.1565E+01
1992       3      0.7990E+01
1992       4      0.2068E+02
1992       5      0.1672E+02
1992       6      0.4117E+01
1992       7      0.0000E+00
1992       8      0.0000E+00
1992       9      0.0000E+00
1992      10      0.0000E+00
1992      11      0.4489E-01
1992      12      0.1286E+01
1993       1      0.9059E+00
1993       2      0.2849E+00
1993       3      0.1054E+01
1993       4      0.3652E+00
1993       5      0.4378E+01
1993       6      0.6632E+00
1993       7      0.0000E+00
1993       8      0.0000E+00
1993       9      0.0000E+00
1993      10      0.0000E+00
1993      11      0.5370E+00
1993      12      0.8396E+01
1994       1      0.1079E+02
1994       2      0.1344E+02
1994       3      0.3534E+02
1994       4      0.3294E+02
1994       5      0.1902E+02
1994       6      0.3109E+01
1994       7      0.0000E+00
1994       8      0.0000E+00
1994       9      0.0000E+00
1994      10      0.0000E+00
1994      11      0.9428E+01
1994      12      0.4336E+01
1995       1      0.2131E+01
1995       2      0.4248E+01
1995       3      0.1541E+01
1995       4      0.5470E+01
1995       5      0.1700E+02
1995       6      0.6311E+01
1995       7      0.1705E+00
1995       8      0.0000E+00
1995       9      0.0000E+00
1995      10      0.0000E+00
1995      11      0.0000E+00
1995      12      0.0000E+00
1996       1      0.0000E+00
1996       2      0.0000E+00
1996       3      0.1169E+00
1996       4      0.1157E+02
1996       5      0.3320E+01
1996       6      0.0000E+00
1996       7      0.0000E+00
1996       8      0.0000E+00
1996       9      0.0000E+00
1996      10      0.0000E+00
1996      11      0.0000E+00
1996      12      0.0000E+00
1997       1      0.0000E+00
1997       2      0.0000E+00
1997       3      0.0000E+00
1997       4      0.0000E+00
1997       5      0.0000E+00
1997       6      0.0000E+00
1997       7      0.0000E+00
1997       8      0.0000E+00
1997       9      0.0000E+00
1997      10      0.0000E+00
1997      11      0.0000E+00
1997      12      0.0000E+00
1998       1      0.6479E-02
1998       2      0.1713E-02
1998       3      0.1992E+02
1998       4      0.1782E+02
1998       5      0.6438E+01
1998       6      0.4559E-01
1998       7      0.0000E+00
1998       8      0.0000E+00
1998       9      0.0000E+00
1998      10      0.0000E+00
1998      11      0.0000E+00
1998      12      0.0000E+00
1999       1      0.0000E+00
1999       2      0.0000E+00
1999       3      0.0000E+00
1999       4      0.0000E+00
1999       5      0.0000E+00
1999       6      0.0000E+00
1999       7      0.0000E+00
1999       8      0.0000E+00
1999       9      0.0000E+00
1999      10      0.0000E+00
1999      11      0.0000E+00
1999      12      0.0000E+00
2000       1      0.0000E+00
2000       2      0.0000E+00
2000       3      0.4575E+00
2000       4      0.1967E+00
2000       5      0.0000E+00
2000       6      0.0000E+00
2000       7      0.0000E+00
2000       8      0.0000E+00
2000       9      0.0000E+00
2000      10      0.0000E+00
2000      11      0.0000E+00
2000      12      0.1807E-02
2001       1      0.0000E+00
2001       2      0.0000E+00
2001       3      0.0000E+00
2001       4      0.0000E+00
2001       5      0.0000E+00
2001       6      0.0000E+00
2001       7      0.0000E+00
2001       8      0.0000E+00
2001       9      0.0000E+00
2001      10      0.0000E+00
2001      11      0.0000E+00
2001      12      0.6647E-03
