reach(subbasin) number:       3


year    month    simu_value
1990       1      0.3000E-01
1990       2      0.5334E+00
1990       3      0.2135E+02
1990       4      0.5335E+02
1990       5      0.2737E+02
1990       6      0.2850E+01
1990       7      0.0000E+00
1990       8      0.0000E+00
1990       9      0.0000E+00
1990      10      0.0000E+00
1990      11      0.0000E+00
1990      12      0.2497E-02
1991       1      0.0000E+00
1991       2      0.0000E+00
1991       3      0.2445E+02
1991       4      0.7101E+02
1991       5      0.4518E+02
1991       6      0.1473E+02
1991       7      0.3853E+00
1991       8      0.0000E+00
1991       9      0.0000E+00
1991      10      0.0000E+00
1991      11      0.1022E+01
1991      12      0.6656E+01
1992       1      0.3242E+01
1992       2      0.6735E+01
1992       3      0.3547E+02
1992       4      0.8554E+02
1992       5      0.8091E+02
1992       6      0.4633E+02
1992       7      0.1188E+02
1992       8      0.6899E+00
1992       9      0.0000E+00
1992      10      0.0000E+00
1992      11      0.6898E+00
1992      12      0.9570E+01
1993       1      0.6923E+01
1993       2      0.6439E+01
1993       3      0.2494E+02
1993       4      0.3210E+02
1993       5      0.4848E+02
1993       6      0.2680E+02
1993       7      0.3529E+01
1993       8      0.0000E+00
1993       9      0.0000E+00
1993      10      0.0000E+00
1993      11      0.7303E+00
1993      12      0.2793E+02
1994       1      0.5105E+02
1994       2      0.5592E+02
1994       3      0.8620E+02
1994       4      0.7180E+02
1994       5      0.7269E+02
1994       6      0.3228E+02
1994       7      0.5068E+01
1994       8      0.0000E+00
1994       9      0.0000E+00
1994      10      0.0000E+00
1994      11      0.1412E+02
1994      12      0.2665E+02
1995       1      0.1927E+02
1995       2      0.3601E+02
1995       3      0.2378E+02
1995       4      0.4175E+02
1995       5      0.7415E+02
1995       6      0.5658E+02
1995       7      0.2471E+02
1995       8      0.3181E+01
1995       9      0.0000E+00
1995      10      0.0000E+00
1995      11      0.0000E+00
1995      12      0.0000E+00
1996       1      0.0000E+00
1996       2      0.0000E+00
1996       3      0.1004E+02
1996       4      0.5427E+02
1996       5      0.4794E+02
1996       6      0.2004E+02
1996       7      0.2088E+01
1996       8      0.0000E+00
1996       9      0.0000E+00
1996      10      0.0000E+00
1996      11      0.0000E+00
1996      12      0.0000E+00
1997       1      0.0000E+00
1997       2      0.0000E+00
1997       3      0.0000E+00
1997       4      0.0000E+00
1997       5      0.0000E+00
1997       6      0.0000E+00
1997       7      0.0000E+00
1997       8      0.0000E+00
1997       9      0.0000E+00
1997      10      0.0000E+00
1997      11      0.0000E+00
1997      12      0.0000E+00
1998       1      0.6479E-02
1998       2      0.1713E-02
1998       3      0.6061E+02
1998       4      0.8746E+02
1998       5      0.5219E+02
1998       6      0.1364E+02
1998       7      0.4436E+00
1998       8      0.0000E+00
1998       9      0.0000E+00
1998      10      0.0000E+00
1998      11      0.0000E+00
1998      12      0.0000E+00
1999       1      0.0000E+00
1999       2      0.0000E+00
1999       3      0.2224E+00
1999       4      0.1140E+01
1999       5      0.0000E+00
1999       6      0.0000E+00
1999       7      0.0000E+00
1999       8      0.0000E+00
1999       9      0.0000E+00
1999      10      0.0000E+00
1999      11      0.0000E+00
1999      12      0.0000E+00
2000       1      0.0000E+00
2000       2      0.0000E+00
2000       3      0.1099E+02
2000       4      0.3059E+02
2000       5      0.1306E+02
2000       6      0.4191E+00
2000       7      0.0000E+00
2000       8      0.0000E+00
2000       9      0.0000E+00
2000      10      0.0000E+00
2000      11      0.0000E+00
2000      12      0.1807E-02
2001       1      0.0000E+00
2001       2      0.0000E+00
2001       3      0.2160E+00
2001       4      0.0000E+00
2001       5      0.0000E+00
2001       6      0.0000E+00
2001       7      0.0000E+00
2001       8      0.0000E+00
2001       9      0.0000E+00
2001      10      0.0000E+00
2001      11      0.0000E+00
2001      12      0.6647E-03
