reach(subbasin) number:       3


year    month    simu_value
1990       1      0.2978E-01
1990       2      0.4600E+00
1990       3      0.1158E+02
1990       4      0.3017E+02
1990       5      0.1645E+02
1990       6      0.6448E+00
1990       7      0.0000E+00
1990       8      0.0000E+00
1990       9      0.0000E+00
1990      10      0.0000E+00
1990      11      0.0000E+00
1990      12      0.2430E-02
1991       1      0.0000E+00
1991       2      0.0000E+00
1991       3      0.1190E+02
1991       4      0.4452E+02
1991       5      0.2507E+02
1991       6      0.5240E+01
1991       7      0.0000E+00
1991       8      0.0000E+00
1991       9      0.0000E+00
1991      10      0.0000E+00
1991      11      0.8541E-01
1991      12      0.1851E+01
1992       1      0.1952E+01
1992       2      0.2112E+01
1992       3      0.1704E+02
1992       4      0.5338E+02
1992       5      0.4448E+02
1992       6      0.2842E+02
1992       7      0.7904E+01
1992       8      0.2757E+00
1992       9      0.0000E+00
1992      10      0.0000E+00
1992      11      0.1057E+00
1992      12      0.1469E+01
1993       1      0.1622E+01
1993       2      0.1125E+01
1993       3      0.1050E+02
1993       4      0.1584E+02
1993       5      0.2412E+02
1993       6      0.1651E+02
1993       7      0.1860E+01
1993       8      0.0000E+00
1993       9      0.0000E+00
1993      10      0.0000E+00
1993      11      0.6865E+00
1993      12      0.2313E+02
1994       1      0.4500E+02
1994       2      0.4203E+02
1994       3      0.6885E+02
1994       4      0.5393E+02
1994       5      0.3198E+02
1994       6      0.1703E+02
1994       7      0.2969E+01
1994       8      0.0000E+00
1994       9      0.0000E+00
1994      10      0.0000E+00
1994      11      0.1037E+02
1994      12      0.1504E+02
1995       1      0.1036E+02
1995       2      0.1806E+02
1995       3      0.1172E+02
1995       4      0.1873E+02
1995       5      0.3201E+02
1995       6      0.2391E+02
1995       7      0.1376E+02
1995       8      0.1528E+01
1995       9      0.0000E+00
1995      10      0.0000E+00
1995      11      0.0000E+00
1995      12      0.0000E+00
1996       1      0.0000E+00
1996       2      0.0000E+00
1996       3      0.2607E+01
1996       4      0.2490E+02
1996       5      0.2396E+02
1996       6      0.1036E+02
1996       7      0.5578E+00
1996       8      0.0000E+00
1996       9      0.0000E+00
1996      10      0.0000E+00
1996      11      0.0000E+00
1996      12      0.0000E+00
1997       1      0.0000E+00
1997       2      0.0000E+00
1997       3      0.0000E+00
1997       4      0.0000E+00
1997       5      0.0000E+00
1997       6      0.0000E+00
1997       7      0.0000E+00
1997       8      0.0000E+00
1997       9      0.0000E+00
1997      10      0.0000E+00
1997      11      0.0000E+00
1997      12      0.0000E+00
1998       1      0.6479E-02
1998       2      0.1713E-02
1998       3      0.3827E+02
1998       4      0.4827E+02
1998       5      0.3050E+02
1998       6      0.7522E+01
1998       7      0.6566E-01
1998       8      0.0000E+00
1998       9      0.0000E+00
1998      10      0.0000E+00
1998      11      0.0000E+00
1998      12      0.0000E+00
1999       1      0.0000E+00
1999       2      0.0000E+00
1999       3      0.0000E+00
1999       4      0.0000E+00
1999       5      0.0000E+00
1999       6      0.0000E+00
1999       7      0.0000E+00
1999       8      0.0000E+00
1999       9      0.0000E+00
1999      10      0.0000E+00
1999      11      0.0000E+00
1999      12      0.0000E+00
2000       1      0.0000E+00
2000       2      0.0000E+00
2000       3      0.2611E+01
2000       4      0.1217E+02
2000       5      0.4509E+01
2000       6      0.2140E-01
2000       7      0.0000E+00
2000       8      0.0000E+00
2000       9      0.0000E+00
2000      10      0.0000E+00
2000      11      0.0000E+00
2000      12      0.1807E-02
2001       1      0.0000E+00
2001       2      0.0000E+00
2001       3      0.6681E-01
2001       4      0.0000E+00
2001       5      0.0000E+00
2001       6      0.0000E+00
2001       7      0.0000E+00
2001       8      0.0000E+00
2001       9      0.0000E+00
2001      10      0.0000E+00
2001      11      0.0000E+00
2001      12      0.6647E-03
