reach(subbasin) number:       3


year    month    simu_value
1990       1      0.2961E-01
1990       2      0.3212E+00
1990       3      0.1420E+02
1990       4      0.2872E+02
1990       5      0.1079E+02
1990       6      0.0000E+00
1990       7      0.0000E+00
1990       8      0.0000E+00
1990       9      0.0000E+00
1990      10      0.0000E+00
1990      11      0.0000E+00
1990      12      0.2374E-02
1991       1      0.0000E+00
1991       2      0.0000E+00
1991       3      0.9211E+01
1991       4      0.3633E+02
1991       5      0.1672E+02
1991       6      0.1824E+01
1991       7      0.0000E+00
1991       8      0.0000E+00
1991       9      0.0000E+00
1991      10      0.0000E+00
1991      11      0.1611E+00
1991      12      0.2298E+01
1992       1      0.1602E+01
1992       2      0.3214E+01
1992       3      0.1508E+02
1992       4      0.4200E+02
1992       5      0.3732E+02
1992       6      0.1761E+02
1992       7      0.1340E+01
1992       8      0.0000E+00
1992       9      0.0000E+00
1992      10      0.0000E+00
1992      11      0.1534E+00
1992      12      0.1960E+01
1993       1      0.2095E+01
1993       2      0.1692E+01
1993       3      0.8926E+01
1993       4      0.1491E+02
1993       5      0.2214E+02
1993       6      0.8995E+01
1993       7      0.0000E+00
1993       8      0.0000E+00
1993       9      0.0000E+00
1993      10      0.0000E+00
1993      11      0.4527E+00
1993      12      0.1371E+02
1994       1      0.2909E+02
1994       2      0.2887E+02
1994       3      0.4159E+02
1994       4      0.3743E+02
1994       5      0.3413E+02
1994       6      0.1260E+02
1994       7      0.1893E+00
1994       8      0.0000E+00
1994       9      0.0000E+00
1994      10      0.0000E+00
1994      11      0.1010E+02
1994      12      0.7077E+01
1995       1      0.4981E+01
1995       2      0.1797E+02
1995       3      0.8472E+01
1995       4      0.2039E+02
1995       5      0.3779E+02
1995       6      0.2520E+02
1995       7      0.5898E+01
1995       8      0.0000E+00
1995       9      0.0000E+00
1995      10      0.0000E+00
1995      11      0.0000E+00
1995      12      0.0000E+00
1996       1      0.0000E+00
1996       2      0.0000E+00
1996       3      0.6801E+00
1996       4      0.3066E+02
1996       5      0.2072E+02
1996       6      0.3759E+01
1996       7      0.0000E+00
1996       8      0.0000E+00
1996       9      0.0000E+00
1996      10      0.0000E+00
1996      11      0.0000E+00
1996      12      0.0000E+00
1997       1      0.0000E+00
1997       2      0.0000E+00
1997       3      0.0000E+00
1997       4      0.0000E+00
1997       5      0.0000E+00
1997       6      0.0000E+00
1997       7      0.0000E+00
1997       8      0.0000E+00
1997       9      0.0000E+00
1997      10      0.0000E+00
1997      11      0.0000E+00
1997      12      0.0000E+00
1998       1      0.6479E-02
1998       2      0.1713E-02
1998       3      0.3413E+02
1998       4      0.4122E+02
1998       5      0.2202E+02
1998       6      0.2183E+01
1998       7      0.0000E+00
1998       8      0.0000E+00
1998       9      0.0000E+00
1998      10      0.0000E+00
1998      11      0.0000E+00
1998      12      0.0000E+00
1999       1      0.0000E+00
1999       2      0.0000E+00
1999       3      0.0000E+00
1999       4      0.0000E+00
1999       5      0.0000E+00
1999       6      0.0000E+00
1999       7      0.0000E+00
1999       8      0.0000E+00
1999       9      0.0000E+00
1999      10      0.0000E+00
1999      11      0.0000E+00
1999      12      0.0000E+00
2000       1      0.0000E+00
2000       2      0.0000E+00
2000       3      0.4811E+01
2000       4      0.1516E+02
2000       5      0.2369E+01
2000       6      0.0000E+00
2000       7      0.0000E+00
2000       8      0.0000E+00
2000       9      0.0000E+00
2000      10      0.0000E+00
2000      11      0.0000E+00
2000      12      0.1807E-02
2001       1      0.0000E+00
2001       2      0.0000E+00
2001       3      0.0000E+00
2001       4      0.0000E+00
2001       5      0.0000E+00
2001       6      0.0000E+00
2001       7      0.0000E+00
2001       8      0.0000E+00
2001       9      0.0000E+00
2001      10      0.0000E+00
2001      11      0.0000E+00
2001      12      0.6647E-03
