reach(subbasin) number:       3


year    month    simu_value
1990       1      0.2971E-01
1990       2      0.5563E+00
1990       3      0.2300E+02
1990       4      0.4148E+02
1990       5      0.2253E+02
1990       6      0.2601E+01
1990       7      0.0000E+00
1990       8      0.0000E+00
1990       9      0.0000E+00
1990      10      0.0000E+00
1990      11      0.0000E+00
1990      12      0.2407E-02
1991       1      0.0000E+00
1991       2      0.0000E+00
1991       3      0.2456E+02
1991       4      0.5683E+02
1991       5      0.3400E+02
1991       6      0.1031E+02
1991       7      0.3599E-01
1991       8      0.0000E+00
1991       9      0.0000E+00
1991      10      0.0000E+00
1991      11      0.1159E+01
1991      12      0.7661E+01
1992       1      0.4648E+01
1992       2      0.8408E+01
1992       3      0.2607E+02
1992       4      0.6235E+02
1992       5      0.5651E+02
1992       6      0.3770E+02
1992       7      0.1023E+02
1992       8      0.3550E+00
1992       9      0.0000E+00
1992      10      0.0000E+00
1992      11      0.7708E+00
1992      12      0.8870E+01
1993       1      0.7745E+01
1993       2      0.7243E+01
1993       3      0.2556E+02
1993       4      0.3680E+02
1993       5      0.4401E+02
1993       6      0.2498E+02
1993       7      0.3948E+01
1993       8      0.0000E+00
1993       9      0.0000E+00
1993      10      0.0000E+00
1993      11      0.4023E+00
1993      12      0.2393E+02
1994       1      0.4453E+02
1994       2      0.4104E+02
1994       3      0.6670E+02
1994       4      0.6161E+02
1994       5      0.5124E+02
1994       6      0.2741E+02
1994       7      0.5168E+01
1994       8      0.0000E+00
1994       9      0.0000E+00
1994      10      0.0000E+00
1994      11      0.1368E+02
1994      12      0.2631E+02
1995       1      0.1790E+02
1995       2      0.3922E+02
1995       3      0.2713E+02
1995       4      0.3553E+02
1995       5      0.5487E+02
1995       6      0.4541E+02
1995       7      0.2219E+02
1995       8      0.2950E+01
1995       9      0.0000E+00
1995      10      0.0000E+00
1995      11      0.0000E+00
1995      12      0.0000E+00
1996       1      0.0000E+00
1996       2      0.0000E+00
1996       3      0.1001E+02
1996       4      0.4827E+02
1996       5      0.4353E+02
1996       6      0.2012E+02
1996       7      0.2312E+01
1996       8      0.0000E+00
1996       9      0.0000E+00
1996      10      0.0000E+00
1996      11      0.0000E+00
1996      12      0.0000E+00
1997       1      0.0000E+00
1997       2      0.0000E+00
1997       3      0.0000E+00
1997       4      0.0000E+00
1997       5      0.0000E+00
1997       6      0.0000E+00
1997       7      0.0000E+00
1997       8      0.0000E+00
1997       9      0.0000E+00
1997      10      0.0000E+00
1997      11      0.0000E+00
1997      12      0.0000E+00
1998       1      0.6479E-02
1998       2      0.1713E-02
1998       3      0.4640E+02
1998       4      0.5893E+02
1998       5      0.4170E+02
1998       6      0.1249E+02
1998       7      0.3788E+00
1998       8      0.0000E+00
1998       9      0.0000E+00
1998      10      0.0000E+00
1998      11      0.0000E+00
1998      12      0.0000E+00
1999       1      0.0000E+00
1999       2      0.0000E+00
1999       3      0.5996E+00
1999       4      0.2052E+01
1999       5      0.0000E+00
1999       6      0.0000E+00
1999       7      0.0000E+00
1999       8      0.0000E+00
1999       9      0.0000E+00
1999      10      0.0000E+00
1999      11      0.0000E+00
1999      12      0.0000E+00
2000       1      0.0000E+00
2000       2      0.0000E+00
2000       3      0.1195E+02
2000       4      0.3441E+02
2000       5      0.1653E+02
2000       6      0.1218E+01
2000       7      0.0000E+00
2000       8      0.0000E+00
2000       9      0.0000E+00
2000      10      0.0000E+00
2000      11      0.0000E+00
2000      12      0.1807E-02
2001       1      0.0000E+00
2001       2      0.0000E+00
2001       3      0.1901E+00
2001       4      0.0000E+00
2001       5      0.0000E+00
2001       6      0.0000E+00
2001       7      0.0000E+00
2001       8      0.0000E+00
2001       9      0.0000E+00
2001      10      0.0000E+00
2001      11      0.0000E+00
2001      12      0.6647E-03
