reach(subbasin) number:       3


year    month    simu_value
1990       1      0.2984E-01
1990       2      0.1059E+01
1990       3      0.3209E+02
1990       4      0.6519E+02
1990       5      0.3519E+02
1990       6      0.4582E+01
1990       7      0.0000E+00
1990       8      0.0000E+00
1990       9      0.0000E+00
1990      10      0.0000E+00
1990      11      0.0000E+00
1990      12      0.2441E-02
1991       1      0.0000E+00
1991       2      0.0000E+00
1991       3      0.2918E+02
1991       4      0.8615E+02
1991       5      0.4813E+02
1991       6      0.1438E+02
1991       7      0.2077E+00
1991       8      0.0000E+00
1991       9      0.0000E+00
1991      10      0.0000E+00
1991      11      0.8344E+00
1991      12      0.6207E+01
1992       1      0.3236E+01
1992       2      0.7400E+01
1992       3      0.3566E+02
1992       4      0.9340E+02
1992       5      0.8878E+02
1992       6      0.5479E+02
1992       7      0.1442E+02
1992       8      0.9462E+00
1992       9      0.0000E+00
1992      10      0.0000E+00
1992      11      0.5730E+00
1992      12      0.6836E+01
1993       1      0.6228E+01
1993       2      0.6196E+01
1993       3      0.2923E+02
1993       4      0.4540E+02
1993       5      0.6131E+02
1993       6      0.3546E+02
1993       7      0.5419E+01
1993       8      0.0000E+00
1993       9      0.0000E+00
1993      10      0.0000E+00
1993      11      0.9947E+00
1993      12      0.3528E+02
1994       1      0.6879E+02
1994       2      0.6379E+02
1994       3      0.1009E+03
1994       4      0.8374E+02
1994       5      0.8147E+02
1994       6      0.4015E+02
1994       7      0.6759E+01
1994       8      0.0000E+00
1994       9      0.0000E+00
1994      10      0.0000E+00
1994      11      0.1372E+02
1994      12      0.2767E+02
1995       1      0.1960E+02
1995       2      0.4734E+02
1995       3      0.2942E+02
1995       4      0.5148E+02
1995       5      0.8570E+02
1995       6      0.6786E+02
1995       7      0.3073E+02
1995       8      0.4411E+01
1995       9      0.0000E+00
1995      10      0.0000E+00
1995      11      0.0000E+00
1995      12      0.0000E+00
1996       1      0.0000E+00
1996       2      0.0000E+00
1996       3      0.8163E+01
1996       4      0.6609E+02
1996       5      0.5892E+02
1996       6      0.2554E+02
1996       7      0.3043E+01
1996       8      0.0000E+00
1996       9      0.0000E+00
1996      10      0.0000E+00
1996      11      0.0000E+00
1996      12      0.0000E+00
1997       1      0.0000E+00
1997       2      0.0000E+00
1997       3      0.0000E+00
1997       4      0.0000E+00
1997       5      0.0000E+00
1997       6      0.0000E+00
1997       7      0.0000E+00
1997       8      0.0000E+00
1997       9      0.0000E+00
1997      10      0.0000E+00
1997      11      0.0000E+00
1997      12      0.0000E+00
1998       1      0.6479E-02
1998       2      0.1713E-02
1998       3      0.7234E+02
1998       4      0.9650E+02
1998       5      0.6023E+02
1998       6      0.1679E+02
1998       7      0.7118E+00
1998       8      0.0000E+00
1998       9      0.0000E+00
1998      10      0.0000E+00
1998      11      0.0000E+00
1998      12      0.0000E+00
1999       1      0.0000E+00
1999       2      0.0000E+00
1999       3      0.2083E+00
1999       4      0.1191E+01
1999       5      0.0000E+00
1999       6      0.0000E+00
1999       7      0.0000E+00
1999       8      0.0000E+00
1999       9      0.0000E+00
1999      10      0.0000E+00
1999      11      0.0000E+00
1999      12      0.0000E+00
2000       1      0.0000E+00
2000       2      0.0000E+00
2000       3      0.1302E+02
2000       4      0.4208E+02
2000       5      0.1737E+02
2000       6      0.1052E+01
2000       7      0.0000E+00
2000       8      0.0000E+00
2000       9      0.0000E+00
2000      10      0.0000E+00
2000      11      0.0000E+00
2000      12      0.1807E-02
2001       1      0.0000E+00
2001       2      0.0000E+00
2001       3      0.1458E+00
2001       4      0.0000E+00
2001       5      0.0000E+00
2001       6      0.0000E+00
2001       7      0.0000E+00
2001       8      0.0000E+00
2001       9      0.0000E+00
2001      10      0.0000E+00
2001      11      0.0000E+00
2001      12      0.6647E-03
