reach(subbasin) number:       3


year    month    simu_value
1990       1      0.2966E-01
1990       2      0.3212E+00
1990       3      0.1958E+02
1990       4      0.3695E+02
1990       5      0.2048E+02
1990       6      0.2329E+01
1990       7      0.0000E+00
1990       8      0.0000E+00
1990       9      0.0000E+00
1990      10      0.0000E+00
1990      11      0.0000E+00
1990      12      0.2385E-02
1991       1      0.0000E+00
1991       2      0.0000E+00
1991       3      0.1773E+02
1991       4      0.5208E+02
1991       5      0.3263E+02
1991       6      0.1317E+02
1991       7      0.6628E+00
1991       8      0.0000E+00
1991       9      0.0000E+00
1991      10      0.0000E+00
1991      11      0.6851E+00
1991      12      0.5267E+01
1992       1      0.3827E+01
1992       2      0.5967E+01
1992       3      0.2348E+02
1992       4      0.6024E+02
1992       5      0.5337E+02
1992       6      0.3403E+02
1992       7      0.1480E+02
1992       8      0.2217E+01
1992       9      0.0000E+00
1992      10      0.0000E+00
1992      11      0.5201E+00
1992      12      0.5923E+01
1993       1      0.5167E+01
1993       2      0.4954E+01
1993       3      0.2157E+02
1993       4      0.2873E+02
1993       5      0.3769E+02
1993       6      0.2492E+02
1993       7      0.6090E+01
1993       8      0.8441E-02
1993       9      0.0000E+00
1993      10      0.0000E+00
1993      11      0.6397E+00
1993      12      0.1722E+02
1994       1      0.3719E+02
1994       2      0.3837E+02
1994       3      0.7004E+02
1994       4      0.6011E+02
1994       5      0.4926E+02
1994       6      0.2444E+02
1994       7      0.6219E+01
1994       8      0.0000E+00
1994       9      0.0000E+00
1994      10      0.0000E+00
1994      11      0.1312E+02
1994      12      0.2143E+02
1995       1      0.1642E+02
1995       2      0.3262E+02
1995       3      0.2235E+02
1995       4      0.3420E+02
1995       5      0.5137E+02
1995       6      0.3963E+02
1995       7      0.2253E+02
1995       8      0.6168E+01
1995       9      0.1014E+00
1995      10      0.0000E+00
1995      11      0.0000E+00
1995      12      0.0000E+00
1996       1      0.0000E+00
1996       2      0.0000E+00
1996       3      0.6415E+01
1996       4      0.4465E+02
1996       5      0.3791E+02
1996       6      0.1913E+02
1996       7      0.4445E+01
1996       8      0.0000E+00
1996       9      0.0000E+00
1996      10      0.0000E+00
1996      11      0.0000E+00
1996      12      0.0000E+00
1997       1      0.0000E+00
1997       2      0.0000E+00
1997       3      0.0000E+00
1997       4      0.0000E+00
1997       5      0.0000E+00
1997       6      0.0000E+00
1997       7      0.0000E+00
1997       8      0.0000E+00
1997       9      0.0000E+00
1997      10      0.0000E+00
1997      11      0.0000E+00
1997      12      0.0000E+00
1998       1      0.6479E-02
1998       2      0.1713E-02
1998       3      0.4078E+02
1998       4      0.5513E+02
1998       5      0.4016E+02
1998       6      0.1634E+02
1998       7      0.1377E+01
1998       8      0.0000E+00
1998       9      0.0000E+00
1998      10      0.0000E+00
1998      11      0.0000E+00
1998      12      0.0000E+00
1999       1      0.0000E+00
1999       2      0.0000E+00
1999       3      0.2289E+00
1999       4      0.4647E+00
1999       5      0.0000E+00
1999       6      0.0000E+00
1999       7      0.0000E+00
1999       8      0.0000E+00
1999       9      0.0000E+00
1999      10      0.0000E+00
1999      11      0.0000E+00
1999      12      0.0000E+00
2000       1      0.0000E+00
2000       2      0.0000E+00
2000       3      0.9226E+01
2000       4      0.2849E+02
2000       5      0.1400E+02
2000       6      0.1727E+01
2000       7      0.0000E+00
2000       8      0.0000E+00
2000       9      0.0000E+00
2000      10      0.0000E+00
2000      11      0.0000E+00
2000      12      0.1807E-02
2001       1      0.0000E+00
2001       2      0.0000E+00
2001       3      0.2055E+00
2001       4      0.0000E+00
2001       5      0.0000E+00
2001       6      0.0000E+00
2001       7      0.0000E+00
2001       8      0.0000E+00
2001       9      0.0000E+00
2001      10      0.0000E+00
2001      11      0.0000E+00
2001      12      0.6647E-03
