reach(subbasin) number:       3


year    month    simu_value
1990       1      0.2989E-01
1990       2      0.9212E+00
1990       3      0.1283E+02
1990       4      0.2187E+02
1990       5      0.1432E+02
1990       6      0.9139E+00
1990       7      0.0000E+00
1990       8      0.0000E+00
1990       9      0.0000E+00
1990      10      0.0000E+00
1990      11      0.0000E+00
1990      12      0.2463E-02
1991       1      0.0000E+00
1991       2      0.0000E+00
1991       3      0.1319E+02
1991       4      0.2877E+02
1991       5      0.2196E+02
1991       6      0.9427E+01
1991       7      0.9808E-01
1991       8      0.0000E+00
1991       9      0.0000E+00
1991      10      0.0000E+00
1991      11      0.2986E+00
1991      12      0.3997E+01
1992       1      0.2504E+01
1992       2      0.4483E+01
1992       3      0.1575E+02
1992       4      0.4222E+02
1992       5      0.3666E+02
1992       6      0.2546E+02
1992       7      0.8673E+01
1992       8      0.9217E+00
1992       9      0.0000E+00
1992      10      0.0000E+00
1992      11      0.2071E+00
1992      12      0.3683E+01
1993       1      0.3806E+01
1993       2      0.3384E+01
1993       3      0.1591E+02
1993       4      0.2046E+02
1993       5      0.2659E+02
1993       6      0.1693E+02
1993       7      0.2677E+01
1993       8      0.0000E+00
1993       9      0.0000E+00
1993      10      0.0000E+00
1993      11      0.8931E+00
1993      12      0.1663E+02
1994       1      0.2238E+02
1994       2      0.2517E+02
1994       3      0.3214E+02
1994       4      0.3456E+02
1994       5      0.2719E+02
1994       6      0.1357E+02
1994       7      0.1825E+01
1994       8      0.0000E+00
1994       9      0.0000E+00
1994      10      0.0000E+00
1994      11      0.1195E+02
1994      12      0.1932E+02
1995       1      0.1390E+02
1995       2      0.2326E+02
1995       3      0.1556E+02
1995       4      0.2050E+02
1995       5      0.3287E+02
1995       6      0.2413E+02
1995       7      0.1377E+02
1995       8      0.2689E+01
1995       9      0.0000E+00
1995      10      0.0000E+00
1995      11      0.0000E+00
1995      12      0.0000E+00
1996       1      0.0000E+00
1996       2      0.0000E+00
1996       3      0.5242E+01
1996       4      0.2691E+02
1996       5      0.2416E+02
1996       6      0.1273E+02
1996       7      0.1770E+01
1996       8      0.0000E+00
1996       9      0.0000E+00
1996      10      0.0000E+00
1996      11      0.0000E+00
1996      12      0.0000E+00
1997       1      0.0000E+00
1997       2      0.0000E+00
1997       3      0.0000E+00
1997       4      0.0000E+00
1997       5      0.0000E+00
1997       6      0.0000E+00
1997       7      0.0000E+00
1997       8      0.0000E+00
1997       9      0.0000E+00
1997      10      0.0000E+00
1997      11      0.0000E+00
1997      12      0.0000E+00
1998       1      0.6479E-02
1998       2      0.1713E-02
1998       3      0.2866E+02
1998       4      0.3571E+02
1998       5      0.2905E+02
1998       6      0.1029E+02
1998       7      0.3561E+00
1998       8      0.0000E+00
1998       9      0.0000E+00
1998      10      0.0000E+00
1998      11      0.0000E+00
1998      12      0.0000E+00
1999       1      0.0000E+00
1999       2      0.0000E+00
1999       3      0.2651E-02
1999       4      0.1067E+00
1999       5      0.0000E+00
1999       6      0.0000E+00
1999       7      0.0000E+00
1999       8      0.0000E+00
1999       9      0.0000E+00
1999      10      0.0000E+00
1999      11      0.0000E+00
1999      12      0.0000E+00
2000       1      0.0000E+00
2000       2      0.0000E+00
2000       3      0.4203E+01
2000       4      0.1630E+02
2000       5      0.7745E+01
2000       6      0.3879E+00
2000       7      0.0000E+00
2000       8      0.0000E+00
2000       9      0.0000E+00
2000      10      0.0000E+00
2000      11      0.0000E+00
2000      12      0.1807E-02
2001       1      0.0000E+00
2001       2      0.0000E+00
2001       3      0.2013E+00
2001       4      0.0000E+00
2001       5      0.0000E+00
2001       6      0.0000E+00
2001       7      0.0000E+00
2001       8      0.0000E+00
2001       9      0.0000E+00
2001      10      0.0000E+00
2001      11      0.0000E+00
2001      12      0.6647E-03
