reach(subbasin) number:       3


year    month    simu_value
1990       1      0.2971E-01
1990       2      0.7496E+00
1990       3      0.3310E+02
1990       4      0.5991E+02
1990       5      0.3065E+02
1990       6      0.3184E+01
1990       7      0.0000E+00
1990       8      0.0000E+00
1990       9      0.0000E+00
1990      10      0.0000E+00
1990      11      0.0000E+00
1990      12      0.2407E-02
1991       1      0.0000E+00
1991       2      0.0000E+00
1991       3      0.2650E+02
1991       4      0.7440E+02
1991       5      0.3895E+02
1991       6      0.1095E+02
1991       7      0.5088E-01
1991       8      0.0000E+00
1991       9      0.0000E+00
1991      10      0.0000E+00
1991      11      0.8288E+00
1991      12      0.6511E+01
1992       1      0.4190E+01
1992       2      0.7860E+01
1992       3      0.2508E+02
1992       4      0.8164E+02
1992       5      0.7688E+02
1992       6      0.4761E+02
1992       7      0.1099E+02
1992       8      0.4192E+00
1992       9      0.0000E+00
1992      10      0.0000E+00
1992      11      0.5878E+00
1992      12      0.6690E+01
1993       1      0.6500E+01
1993       2      0.6017E+01
1993       3      0.2625E+02
1993       4      0.4369E+02
1993       5      0.5549E+02
1993       6      0.2978E+02
1993       7      0.3969E+01
1993       8      0.0000E+00
1993       9      0.0000E+00
1993      10      0.0000E+00
1993      11      0.6765E+00
1993      12      0.2826E+02
1994       1      0.5853E+02
1994       2      0.5533E+02
1994       3      0.8359E+02
1994       4      0.7599E+02
1994       5      0.7133E+02
1994       6      0.3567E+02
1994       7      0.5446E+01
1994       8      0.0000E+00
1994       9      0.0000E+00
1994      10      0.0000E+00
1994      11      0.1286E+02
1994      12      0.2422E+02
1995       1      0.1612E+02
1995       2      0.4388E+02
1995       3      0.2637E+02
1995       4      0.4482E+02
1995       5      0.7099E+02
1995       6      0.5832E+02
1995       7      0.2414E+02
1995       8      0.2720E+01
1995       9      0.0000E+00
1995      10      0.0000E+00
1995      11      0.0000E+00
1995      12      0.0000E+00
1996       1      0.0000E+00
1996       2      0.0000E+00
1996       3      0.8012E+01
1996       4      0.6091E+02
1996       5      0.5501E+02
1996       6      0.2076E+02
1996       7      0.2141E+01
1996       8      0.0000E+00
1996       9      0.0000E+00
1996      10      0.0000E+00
1996      11      0.0000E+00
1996      12      0.0000E+00
1997       1      0.0000E+00
1997       2      0.0000E+00
1997       3      0.0000E+00
1997       4      0.0000E+00
1997       5      0.0000E+00
1997       6      0.0000E+00
1997       7      0.0000E+00
1997       8      0.0000E+00
1997       9      0.0000E+00
1997      10      0.0000E+00
1997      11      0.0000E+00
1997      12      0.0000E+00
1998       1      0.6479E-02
1998       2      0.1713E-02
1998       3      0.5642E+02
1998       4      0.7929E+02
1998       5      0.5336E+02
1998       6      0.1356E+02
1998       7      0.4074E+00
1998       8      0.0000E+00
1998       9      0.0000E+00
1998      10      0.0000E+00
1998      11      0.0000E+00
1998      12      0.0000E+00
1999       1      0.0000E+00
1999       2      0.0000E+00
1999       3      0.3645E+00
1999       4      0.1380E+01
1999       5      0.0000E+00
1999       6      0.0000E+00
1999       7      0.0000E+00
1999       8      0.0000E+00
1999       9      0.0000E+00
1999      10      0.0000E+00
1999      11      0.0000E+00
1999      12      0.0000E+00
2000       1      0.0000E+00
2000       2      0.0000E+00
2000       3      0.1245E+02
2000       4      0.4258E+02
2000       5      0.1586E+02
2000       6      0.1055E+01
2000       7      0.0000E+00
2000       8      0.0000E+00
2000       9      0.0000E+00
2000      10      0.0000E+00
2000      11      0.0000E+00
2000      12      0.1807E-02
2001       1      0.0000E+00
2001       2      0.0000E+00
2001       3      0.1551E+00
2001       4      0.0000E+00
2001       5      0.0000E+00
2001       6      0.0000E+00
2001       7      0.0000E+00
2001       8      0.0000E+00
2001       9      0.0000E+00
2001      10      0.0000E+00
2001      11      0.0000E+00
2001      12      0.6647E-03
