reach(subbasin) number:       3


year    month    simu_value
1990       1      0.2999E-01
1990       2      0.1373E-02
1990       3      0.1138E+02
1990       4      0.2448E+02
1990       5      0.1478E+02
1990       6      0.5882E+00
1990       7      0.0000E+00
1990       8      0.0000E+00
1990       9      0.0000E+00
1990      10      0.0000E+00
1990      11      0.0000E+00
1990      12      0.2494E-02
1991       1      0.0000E+00
1991       2      0.0000E+00
1991       3      0.8614E+01
1991       4      0.3199E+02
1991       5      0.2003E+02
1991       6      0.5550E+01
1991       7      0.0000E+00
1991       8      0.0000E+00
1991       9      0.0000E+00
1991      10      0.0000E+00
1991      11      0.0000E+00
1991      12      0.9147E+00
1992       1      0.7762E+00
1992       2      0.1159E+01
1992       3      0.1059E+02
1992       4      0.4485E+02
1992       5      0.3904E+02
1992       6      0.2737E+02
1992       7      0.9206E+01
1992       8      0.1146E+01
1992       9      0.0000E+00
1992      10      0.0000E+00
1992      11      0.4201E-01
1992      12      0.6224E+00
1993       1      0.7228E+00
1993       2      0.6382E+00
1993       3      0.1440E+02
1993       4      0.2094E+02
1993       5      0.2536E+02
1993       6      0.1727E+02
1993       7      0.3217E+01
1993       8      0.0000E+00
1993       9      0.0000E+00
1993      10      0.0000E+00
1993      11      0.6081E+00
1993      12      0.1430E+02
1994       1      0.2648E+02
1994       2      0.3104E+02
1994       3      0.3647E+02
1994       4      0.3467E+02
1994       5      0.2947E+02
1994       6      0.1725E+02
1994       7      0.3159E+01
1994       8      0.0000E+00
1994       9      0.0000E+00
1994      10      0.0000E+00
1994      11      0.1127E+02
1994      12      0.1407E+02
1995       1      0.1110E+02
1995       2      0.2460E+02
1995       3      0.1553E+02
1995       4      0.2397E+02
1995       5      0.3892E+02
1995       6      0.2966E+02
1995       7      0.1610E+02
1995       8      0.3382E+01
1995       9      0.2091E-01
1995      10      0.0000E+00
1995      11      0.0000E+00
1995      12      0.0000E+00
1996       1      0.0000E+00
1996       2      0.0000E+00
1996       3      0.1474E+01
1996       4      0.3143E+02
1996       5      0.2710E+02
1996       6      0.1253E+02
1996       7      0.1745E+01
1996       8      0.0000E+00
1996       9      0.0000E+00
1996      10      0.0000E+00
1996      11      0.0000E+00
1996      12      0.0000E+00
1997       1      0.0000E+00
1997       2      0.0000E+00
1997       3      0.0000E+00
1997       4      0.0000E+00
1997       5      0.0000E+00
1997       6      0.0000E+00
1997       7      0.0000E+00
1997       8      0.0000E+00
1997       9      0.0000E+00
1997      10      0.0000E+00
1997      11      0.0000E+00
1997      12      0.0000E+00
1998       1      0.6479E-02
1998       2      0.1713E-02
1998       3      0.3080E+02
1998       4      0.3872E+02
1998       5      0.3004E+02
1998       6      0.9446E+01
1998       7      0.3858E+00
1998       8      0.0000E+00
1998       9      0.0000E+00
1998      10      0.0000E+00
1998      11      0.0000E+00
1998      12      0.0000E+00
1999       1      0.0000E+00
1999       2      0.0000E+00
1999       3      0.0000E+00
1999       4      0.0000E+00
1999       5      0.0000E+00
1999       6      0.0000E+00
1999       7      0.0000E+00
1999       8      0.0000E+00
1999       9      0.0000E+00
1999      10      0.0000E+00
1999      11      0.0000E+00
1999      12      0.0000E+00
2000       1      0.0000E+00
2000       2      0.0000E+00
2000       3      0.4847E+01
2000       4      0.1957E+02
2000       5      0.7419E+01
2000       6      0.3006E+00
2000       7      0.0000E+00
2000       8      0.0000E+00
2000       9      0.0000E+00
2000      10      0.0000E+00
2000      11      0.0000E+00
2000      12      0.1807E-02
2001       1      0.0000E+00
2001       2      0.0000E+00
2001       3      0.1129E+00
2001       4      0.0000E+00
2001       5      0.0000E+00
2001       6      0.0000E+00
2001       7      0.0000E+00
2001       8      0.0000E+00
2001       9      0.0000E+00
2001      10      0.0000E+00
2001      11      0.0000E+00
2001      12      0.6647E-03
