reach(subbasin) number:       3


year    month    simu_value
1990       1      0.2984E-01
1990       2      0.4357E+00
1990       3      0.1109E+02
1990       4      0.2673E+02
1990       5      0.1170E+02
1990       6      0.5545E-02
1990       7      0.0000E+00
1990       8      0.0000E+00
1990       9      0.0000E+00
1990      10      0.0000E+00
1990      11      0.0000E+00
1990      12      0.2442E-02
1991       1      0.0000E+00
1991       2      0.0000E+00
1991       3      0.9568E+01
1991       4      0.3292E+02
1991       5      0.1813E+02
1991       6      0.2219E+01
1991       7      0.0000E+00
1991       8      0.0000E+00
1991       9      0.0000E+00
1991      10      0.0000E+00
1991      11      0.0000E+00
1991      12      0.6859E+00
1992       1      0.8172E+00
1992       2      0.2613E+01
1992       3      0.1766E+02
1992       4      0.4038E+02
1992       5      0.3542E+02
1992       6      0.2016E+02
1992       7      0.2654E+01
1992       8      0.0000E+00
1992       9      0.0000E+00
1992      10      0.0000E+00
1992      11      0.1988E-01
1992      12      0.3234E+00
1993       1      0.4822E+00
1993       2      0.1257E+00
1993       3      0.1052E+02
1993       4      0.1623E+02
1993       5      0.2289E+02
1993       6      0.1129E+02
1993       7      0.3256E+00
1993       8      0.0000E+00
1993       9      0.0000E+00
1993      10      0.0000E+00
1993      11      0.2990E+00
1993      12      0.1645E+02
1994       1      0.2856E+02
1994       2      0.2971E+02
1994       3      0.5611E+02
1994       4      0.4712E+02
1994       5      0.3164E+02
1994       6      0.1230E+02
1994       7      0.2905E+00
1994       8      0.0000E+00
1994       9      0.0000E+00
1994      10      0.0000E+00
1994      11      0.1022E+02
1994      12      0.1424E+02
1995       1      0.9236E+01
1995       2      0.1762E+02
1995       3      0.1087E+02
1995       4      0.1864E+02
1995       5      0.3472E+02
1995       6      0.2454E+02
1995       7      0.8803E+01
1995       8      0.6380E-01
1995       9      0.0000E+00
1995      10      0.0000E+00
1995      11      0.0000E+00
1995      12      0.0000E+00
1996       1      0.0000E+00
1996       2      0.0000E+00
1996       3      0.2146E+01
1996       4      0.2613E+02
1996       5      0.2259E+02
1996       6      0.6292E+01
1996       7      0.0000E+00
1996       8      0.0000E+00
1996       9      0.0000E+00
1996      10      0.0000E+00
1996      11      0.0000E+00
1996      12      0.0000E+00
1997       1      0.0000E+00
1997       2      0.0000E+00
1997       3      0.0000E+00
1997       4      0.0000E+00
1997       5      0.0000E+00
1997       6      0.0000E+00
1997       7      0.0000E+00
1997       8      0.0000E+00
1997       9      0.0000E+00
1997      10      0.0000E+00
1997      11      0.0000E+00
1997      12      0.0000E+00
1998       1      0.6479E-02
1998       2      0.1713E-02
1998       3      0.3142E+02
1998       4      0.3905E+02
1998       5      0.2293E+02
1998       6      0.3162E+01
1998       7      0.0000E+00
1998       8      0.0000E+00
1998       9      0.0000E+00
1998      10      0.0000E+00
1998      11      0.0000E+00
1998      12      0.0000E+00
1999       1      0.0000E+00
1999       2      0.0000E+00
1999       3      0.0000E+00
1999       4      0.0000E+00
1999       5      0.0000E+00
1999       6      0.0000E+00
1999       7      0.0000E+00
1999       8      0.0000E+00
1999       9      0.0000E+00
1999      10      0.0000E+00
1999      11      0.0000E+00
1999      12      0.0000E+00
2000       1      0.0000E+00
2000       2      0.0000E+00
2000       3      0.2711E+01
2000       4      0.1243E+02
2000       5      0.3567E+01
2000       6      0.0000E+00
2000       7      0.0000E+00
2000       8      0.0000E+00
2000       9      0.0000E+00
2000      10      0.0000E+00
2000      11      0.0000E+00
2000      12      0.1807E-02
2001       1      0.0000E+00
2001       2      0.0000E+00
2001       3      0.9641E-01
2001       4      0.0000E+00
2001       5      0.0000E+00
2001       6      0.0000E+00
2001       7      0.0000E+00
2001       8      0.0000E+00
2001       9      0.0000E+00
2001      10      0.0000E+00
2001      11      0.0000E+00
2001      12      0.6647E-03
