reach(subbasin) number:       3


year    month    simu_value
1990       1      0.2972E-01
1990       2      0.1214E+01
1990       3      0.1485E+02
1990       4      0.3342E+02
1990       5      0.1505E+02
1990       6      0.2211E+00
1990       7      0.0000E+00
1990       8      0.0000E+00
1990       9      0.0000E+00
1990      10      0.0000E+00
1990      11      0.0000E+00
1990      12      0.2409E-02
1991       1      0.0000E+00
1991       2      0.0000E+00
1991       3      0.1282E+02
1991       4      0.4753E+02
1991       5      0.2687E+02
1991       6      0.5148E+01
1991       7      0.0000E+00
1991       8      0.0000E+00
1991       9      0.0000E+00
1991      10      0.0000E+00
1991      11      0.3608E+00
1991      12      0.3302E+01
1992       1      0.3304E+01
1992       2      0.4952E+01
1992       3      0.2191E+02
1992       4      0.5020E+02
1992       5      0.4142E+02
1992       6      0.2036E+02
1992       7      0.2022E+01
1992       8      0.0000E+00
1992       9      0.0000E+00
1992      10      0.0000E+00
1992      11      0.3100E+00
1992      12      0.2868E+01
1993       1      0.3056E+01
1993       2      0.2441E+01
1993       3      0.7005E+01
1993       4      0.1293E+02
1993       5      0.2043E+02
1993       6      0.9764E+01
1993       7      0.1662E+00
1993       8      0.0000E+00
1993       9      0.0000E+00
1993      10      0.0000E+00
1993      11      0.7596E+00
1993      12      0.2470E+02
1994       1      0.5182E+02
1994       2      0.4475E+02
1994       3      0.7850E+02
1994       4      0.6563E+02
1994       5      0.3772E+02
1994       6      0.1615E+02
1994       7      0.1110E+01
1994       8      0.0000E+00
1994       9      0.0000E+00
1994      10      0.0000E+00
1994      11      0.1002E+02
1994      12      0.6050E+01
1995       1      0.3949E+01
1995       2      0.1535E+02
1995       3      0.7135E+01
1995       4      0.1495E+02
1995       5      0.2743E+02
1995       6      0.1752E+02
1995       7      0.4754E+01
1995       8      0.0000E+00
1995       9      0.0000E+00
1995      10      0.0000E+00
1995      11      0.0000E+00
1995      12      0.0000E+00
1996       1      0.0000E+00
1996       2      0.0000E+00
1996       3      0.1514E+01
1996       4      0.2360E+02
1996       5      0.1535E+02
1996       6      0.2906E+01
1996       7      0.0000E+00
1996       8      0.0000E+00
1996       9      0.0000E+00
1996      10      0.0000E+00
1996      11      0.0000E+00
1996      12      0.0000E+00
1997       1      0.0000E+00
1997       2      0.0000E+00
1997       3      0.0000E+00
1997       4      0.0000E+00
1997       5      0.0000E+00
1997       6      0.0000E+00
1997       7      0.0000E+00
1997       8      0.0000E+00
1997       9      0.0000E+00
1997      10      0.0000E+00
1997      11      0.0000E+00
1997      12      0.0000E+00
1998       1      0.6479E-02
1998       2      0.1713E-02
1998       3      0.4243E+02
1998       4      0.4940E+02
1998       5      0.2434E+02
1998       6      0.3570E+01
1998       7      0.0000E+00
1998       8      0.0000E+00
1998       9      0.0000E+00
1998      10      0.0000E+00
1998      11      0.0000E+00
1998      12      0.0000E+00
1999       1      0.0000E+00
1999       2      0.0000E+00
1999       3      0.2406E-01
1999       4      0.2905E-01
1999       5      0.0000E+00
1999       6      0.0000E+00
1999       7      0.0000E+00
1999       8      0.0000E+00
1999       9      0.0000E+00
1999      10      0.0000E+00
1999      11      0.0000E+00
1999      12      0.0000E+00
2000       1      0.0000E+00
2000       2      0.0000E+00
2000       3      0.3600E+01
2000       4      0.1151E+02
2000       5      0.2050E+01
2000       6      0.0000E+00
2000       7      0.0000E+00
2000       8      0.0000E+00
2000       9      0.0000E+00
2000      10      0.0000E+00
2000      11      0.0000E+00
2000      12      0.1807E-02
2001       1      0.0000E+00
2001       2      0.0000E+00
2001       3      0.0000E+00
2001       4      0.0000E+00
2001       5      0.0000E+00
2001       6      0.0000E+00
2001       7      0.0000E+00
2001       8      0.0000E+00
2001       9      0.0000E+00
2001      10      0.0000E+00
2001      11      0.0000E+00
2001      12      0.6647E-03
