reach(subbasin) number:       3


year    month    simu_value
1990       1      0.3006E-01
1990       2      0.6843E+00
1990       3      0.2444E+02
1990       4      0.4992E+02
1990       5      0.3138E+02
1990       6      0.5054E+01
1990       7      0.0000E+00
1990       8      0.0000E+00
1990       9      0.0000E+00
1990      10      0.0000E+00
1990      11      0.0000E+00
1990      12      0.2516E-02
1991       1      0.0000E+00
1991       2      0.0000E+00
1991       3      0.1671E+02
1991       4      0.5642E+02
1991       5      0.3599E+02
1991       6      0.9886E+01
1991       7      0.4864E-01
1991       8      0.0000E+00
1991       9      0.0000E+00
1991      10      0.0000E+00
1991      11      0.0000E+00
1991      12      0.9017E+00
1992       1      0.6913E+00
1992       2      0.3276E+01
1992       3      0.1960E+02
1992       4      0.6605E+02
1992       5      0.5916E+02
1992       6      0.4146E+02
1992       7      0.1419E+02
1992       8      0.1721E+01
1992       9      0.0000E+00
1992      10      0.0000E+00
1992      11      0.3562E-01
1992      12      0.5493E+00
1993       1      0.6672E+00
1993       2      0.2185E+00
1993       3      0.1834E+02
1993       4      0.3173E+02
1993       5      0.4300E+02
1993       6      0.2882E+02
1993       7      0.5939E+01
1993       8      0.6592E-02
1993       9      0.0000E+00
1993      10      0.0000E+00
1993      11      0.5505E+00
1993      12      0.2518E+02
1994       1      0.4884E+02
1994       2      0.5245E+02
1994       3      0.6066E+02
1994       4      0.5825E+02
1994       5      0.4941E+02
1994       6      0.2837E+02
1994       7      0.7545E+01
1994       8      0.7789E-02
1994       9      0.0000E+00
1994      10      0.0000E+00
1994      11      0.1096E+02
1994      12      0.1874E+02
1995       1      0.1175E+02
1995       2      0.3290E+02
1995       3      0.1897E+02
1995       4      0.3316E+02
1995       5      0.5236E+02
1995       6      0.4321E+02
1995       7      0.2322E+02
1995       8      0.4998E+01
1995       9      0.3423E-01
1995      10      0.0000E+00
1995      11      0.0000E+00
1995      12      0.0000E+00
1996       1      0.0000E+00
1996       2      0.0000E+00
1996       3      0.2737E+01
1996       4      0.4373E+02
1996       5      0.4337E+02
1996       6      0.1976E+02
1996       7      0.2653E+01
1996       8      0.0000E+00
1996       9      0.0000E+00
1996      10      0.0000E+00
1996      11      0.0000E+00
1996      12      0.0000E+00
1997       1      0.0000E+00
1997       2      0.0000E+00
1997       3      0.0000E+00
1997       4      0.0000E+00
1997       5      0.0000E+00
1997       6      0.0000E+00
1997       7      0.0000E+00
1997       8      0.0000E+00
1997       9      0.0000E+00
1997      10      0.0000E+00
1997      11      0.0000E+00
1997      12      0.0000E+00
1998       1      0.6479E-02
1998       2      0.1713E-02
1998       3      0.4532E+02
1998       4      0.6229E+02
1998       5      0.4683E+02
1998       6      0.1535E+02
1998       7      0.9261E+00
1998       8      0.0000E+00
1998       9      0.0000E+00
1998      10      0.0000E+00
1998      11      0.0000E+00
1998      12      0.0000E+00
1999       1      0.0000E+00
1999       2      0.0000E+00
1999       3      0.0000E+00
1999       4      0.0000E+00
1999       5      0.0000E+00
1999       6      0.0000E+00
1999       7      0.0000E+00
1999       8      0.0000E+00
1999       9      0.0000E+00
1999      10      0.0000E+00
1999      11      0.0000E+00
1999      12      0.0000E+00
2000       1      0.0000E+00
2000       2      0.0000E+00
2000       3      0.6462E+01
2000       4      0.2826E+02
2000       5      0.9916E+01
2000       6      0.2191E+00
2000       7      0.0000E+00
2000       8      0.0000E+00
2000       9      0.0000E+00
2000      10      0.0000E+00
2000      11      0.0000E+00
2000      12      0.1807E-02
2001       1      0.0000E+00
2001       2      0.0000E+00
2001       3      0.1283E+00
2001       4      0.0000E+00
2001       5      0.0000E+00
2001       6      0.0000E+00
2001       7      0.0000E+00
2001       8      0.0000E+00
2001       9      0.0000E+00
2001      10      0.0000E+00
2001      11      0.0000E+00
2001      12      0.6647E-03
