reach(subbasin) number:       3


year    month    simu_value
1990       1      0.2989E-01
1990       2      0.4380E-01
1990       3      0.1384E+02
1990       4      0.2442E+02
1990       5      0.1593E+02
1990       6      0.1872E+01
1990       7      0.0000E+00
1990       8      0.0000E+00
1990       9      0.0000E+00
1990      10      0.0000E+00
1990      11      0.0000E+00
1990      12      0.2463E-02
1991       1      0.0000E+00
1991       2      0.0000E+00
1991       3      0.2109E+02
1991       4      0.4775E+02
1991       5      0.3392E+02
1991       6      0.1132E+02
1991       7      0.3877E-01
1991       8      0.0000E+00
1991       9      0.0000E+00
1991      10      0.0000E+00
1991      11      0.8827E+00
1991      12      0.6881E+01
1992       1      0.3173E+01
1992       2      0.6576E+01
1992       3      0.2888E+02
1992       4      0.5505E+02
1992       5      0.4864E+02
1992       6      0.3272E+02
1992       7      0.9335E+01
1992       8      0.2226E+00
1992       9      0.0000E+00
1992      10      0.0000E+00
1992      11      0.5542E+00
1992      12      0.9878E+01
1993       1      0.7194E+01
1993       2      0.6673E+01
1993       3      0.2443E+02
1993       4      0.3069E+02
1993       5      0.3150E+02
1993       6      0.2001E+02
1993       7      0.3022E+01
1993       8      0.0000E+00
1993       9      0.0000E+00
1993      10      0.0000E+00
1993      11      0.6879E+00
1993      12      0.2441E+02
1994       1      0.5052E+02
1994       2      0.4370E+02
1994       3      0.5120E+02
1994       4      0.4298E+02
1994       5      0.3256E+02
1994       6      0.1791E+02
1994       7      0.2825E+01
1994       8      0.0000E+00
1994       9      0.0000E+00
1994      10      0.0000E+00
1994      11      0.1422E+02
1994      12      0.2627E+02
1995       1      0.1950E+02
1995       2      0.3637E+02
1995       3      0.2796E+02
1995       4      0.2479E+02
1995       5      0.3835E+02
1995       6      0.2937E+02
1995       7      0.1917E+02
1995       8      0.2207E+01
1995       9      0.0000E+00
1995      10      0.0000E+00
1995      11      0.0000E+00
1995      12      0.0000E+00
1996       1      0.0000E+00
1996       2      0.0000E+00
1996       3      0.9402E+01
1996       4      0.3640E+02
1996       5      0.2986E+02
1996       6      0.1908E+02
1996       7      0.2049E+01
1996       8      0.0000E+00
1996       9      0.0000E+00
1996      10      0.0000E+00
1996      11      0.0000E+00
1996      12      0.0000E+00
1997       1      0.0000E+00
1997       2      0.0000E+00
1997       3      0.0000E+00
1997       4      0.0000E+00
1997       5      0.0000E+00
1997       6      0.0000E+00
1997       7      0.0000E+00
1997       8      0.0000E+00
1997       9      0.0000E+00
1997      10      0.0000E+00
1997      11      0.0000E+00
1997      12      0.0000E+00
1998       1      0.6479E-02
1998       2      0.1713E-02
1998       3      0.4296E+02
1998       4      0.5273E+02
1998       5      0.3540E+02
1998       6      0.1171E+02
1998       7      0.1933E+00
1998       8      0.0000E+00
1998       9      0.0000E+00
1998      10      0.0000E+00
1998      11      0.0000E+00
1998      12      0.0000E+00
1999       1      0.0000E+00
1999       2      0.0000E+00
1999       3      0.1745E+00
1999       4      0.1258E+01
1999       5      0.0000E+00
1999       6      0.0000E+00
1999       7      0.0000E+00
1999       8      0.0000E+00
1999       9      0.0000E+00
1999      10      0.0000E+00
1999      11      0.0000E+00
1999      12      0.0000E+00
2000       1      0.0000E+00
2000       2      0.0000E+00
2000       3      0.1047E+02
2000       4      0.2975E+02
2000       5      0.1691E+02
2000       6      0.1032E+01
2000       7      0.0000E+00
2000       8      0.0000E+00
2000       9      0.0000E+00
2000      10      0.0000E+00
2000      11      0.0000E+00
2000      12      0.1807E-02
2001       1      0.0000E+00
2001       2      0.0000E+00
2001       3      0.2074E+00
2001       4      0.0000E+00
2001       5      0.0000E+00
2001       6      0.0000E+00
2001       7      0.0000E+00
2001       8      0.0000E+00
2001       9      0.0000E+00
2001      10      0.0000E+00
2001      11      0.0000E+00
2001      12      0.6647E-03
