reach(subbasin) number:       3


year    month    simu_value
1990       1      0.2978E-01
1990       2      0.1001E+01
1990       3      0.3453E+02
1990       4      0.7090E+02
1990       5      0.3780E+02
1990       6      0.5664E+01
1990       7      0.0000E+00
1990       8      0.0000E+00
1990       9      0.0000E+00
1990      10      0.0000E+00
1990      11      0.0000E+00
1990      12      0.2430E-02
1991       1      0.0000E+00
1991       2      0.0000E+00
1991       3      0.3275E+02
1991       4      0.9392E+02
1991       5      0.5100E+02
1991       6      0.1540E+02
1991       7      0.2655E+00
1991       8      0.0000E+00
1991       9      0.0000E+00
1991      10      0.0000E+00
1991      11      0.8217E+00
1991      12      0.8046E+01
1992       1      0.3701E+01
1992       2      0.7933E+01
1992       3      0.3468E+02
1992       4      0.9959E+02
1992       5      0.8814E+02
1992       6      0.5754E+02
1992       7      0.1545E+02
1992       8      0.1273E+01
1992       9      0.0000E+00
1992      10      0.0000E+00
1992      11      0.4943E+00
1992      12      0.1124E+02
1993       1      0.8527E+01
1993       2      0.7275E+01
1993       3      0.3076E+02
1993       4      0.4539E+02
1993       5      0.6560E+02
1993       6      0.3674E+02
1993       7      0.6173E+01
1993       8      0.0000E+00
1993       9      0.0000E+00
1993      10      0.0000E+00
1993      11      0.7684E+00
1993      12      0.3386E+02
1994       1      0.6620E+02
1994       2      0.6658E+02
1994       3      0.9648E+02
1994       4      0.8478E+02
1994       5      0.7884E+02
1994       6      0.4309E+02
1994       7      0.8820E+01
1994       8      0.7393E-02
1994       9      0.0000E+00
1994      10      0.0000E+00
1994      11      0.1417E+02
1994      12      0.2927E+02
1995       1      0.2027E+02
1995       2      0.4887E+02
1995       3      0.3004E+02
1995       4      0.5093E+02
1995       5      0.8089E+02
1995       6      0.6935E+02
1995       7      0.3285E+02
1995       8      0.5132E+01
1995       9      0.1422E-01
1995      10      0.0000E+00
1995      11      0.0000E+00
1995      12      0.0000E+00
1996       1      0.0000E+00
1996       2      0.0000E+00
1996       3      0.1113E+02
1996       4      0.6848E+02
1996       5      0.6501E+02
1996       6      0.2722E+02
1996       7      0.3413E+01
1996       8      0.0000E+00
1996       9      0.0000E+00
1996      10      0.0000E+00
1996      11      0.0000E+00
1996      12      0.0000E+00
1997       1      0.0000E+00
1997       2      0.0000E+00
1997       3      0.0000E+00
1997       4      0.0000E+00
1997       5      0.0000E+00
1997       6      0.0000E+00
1997       7      0.0000E+00
1997       8      0.0000E+00
1997       9      0.0000E+00
1997      10      0.0000E+00
1997      11      0.0000E+00
1997      12      0.0000E+00
1998       1      0.6479E-02
1998       2      0.1713E-02
1998       3      0.6670E+02
1998       4      0.9524E+02
1998       5      0.6544E+02
1998       6      0.1811E+02
1998       7      0.1007E+01
1998       8      0.0000E+00
1998       9      0.0000E+00
1998      10      0.0000E+00
1998      11      0.0000E+00
1998      12      0.0000E+00
1999       1      0.0000E+00
1999       2      0.0000E+00
1999       3      0.2650E+00
1999       4      0.2078E+01
1999       5      0.0000E+00
1999       6      0.0000E+00
1999       7      0.0000E+00
1999       8      0.0000E+00
1999       9      0.0000E+00
1999      10      0.0000E+00
1999      11      0.0000E+00
1999      12      0.0000E+00
2000       1      0.0000E+00
2000       2      0.0000E+00
2000       3      0.1538E+02
2000       4      0.4522E+02
2000       5      0.1880E+02
2000       6      0.1125E+01
2000       7      0.0000E+00
2000       8      0.0000E+00
2000       9      0.0000E+00
2000      10      0.0000E+00
2000      11      0.0000E+00
2000      12      0.1807E-02
2001       1      0.0000E+00
2001       2      0.0000E+00
2001       3      0.1843E+00
2001       4      0.0000E+00
2001       5      0.0000E+00
2001       6      0.0000E+00
2001       7      0.0000E+00
2001       8      0.0000E+00
2001       9      0.0000E+00
2001      10      0.0000E+00
2001      11      0.0000E+00
2001      12      0.6647E-03
