reach(subbasin) number:       3


year    month    simu_value
1990       1      0.2971E-01
1990       2      0.5894E+00
1990       3      0.1092E+02
1990       4      0.2713E+02
1990       5      0.1429E+02
1990       6      0.2172E+00
1990       7      0.0000E+00
1990       8      0.0000E+00
1990       9      0.0000E+00
1990      10      0.0000E+00
1990      11      0.0000E+00
1990      12      0.2407E-02
1991       1      0.0000E+00
1991       2      0.0000E+00
1991       3      0.1063E+02
1991       4      0.3394E+02
1991       5      0.2303E+02
1991       6      0.5985E+01
1991       7      0.1220E-01
1991       8      0.0000E+00
1991       9      0.0000E+00
1991      10      0.0000E+00
1991      11      0.7017E+00
1991      12      0.5463E+01
1992       1      0.4424E+01
1992       2      0.6440E+01
1992       3      0.1720E+02
1992       4      0.4072E+02
1992       5      0.3283E+02
1992       6      0.2158E+02
1992       7      0.5943E+01
1992       8      0.3906E+00
1992       9      0.0000E+00
1992      10      0.0000E+00
1992      11      0.5324E+00
1992      12      0.5428E+01
1993       1      0.5305E+01
1993       2      0.4891E+01
1993       3      0.1161E+02
1993       4      0.1795E+02
1993       5      0.2453E+02
1993       6      0.1566E+02
1993       7      0.1933E+01
1993       8      0.0000E+00
1993       9      0.0000E+00
1993      10      0.0000E+00
1993      11      0.3911E+00
1993      12      0.1140E+02
1994       1      0.2323E+02
1994       2      0.2745E+02
1994       3      0.3422E+02
1994       4      0.3222E+02
1994       5      0.2719E+02
1994       6      0.1679E+02
1994       7      0.2799E+01
1994       8      0.0000E+00
1994       9      0.0000E+00
1994      10      0.0000E+00
1994      11      0.1111E+02
1994      12      0.1106E+02
1995       1      0.8935E+01
1995       2      0.2035E+02
1995       3      0.1206E+02
1995       4      0.1984E+02
1995       5      0.3212E+02
1995       6      0.2342E+02
1995       7      0.1234E+02
1995       8      0.1718E+01
1995       9      0.0000E+00
1995      10      0.0000E+00
1995      11      0.0000E+00
1995      12      0.0000E+00
1996       1      0.0000E+00
1996       2      0.0000E+00
1996       3      0.3496E+01
1996       4      0.2813E+02
1996       5      0.2396E+02
1996       6      0.9888E+01
1996       7      0.8950E+00
1996       8      0.0000E+00
1996       9      0.0000E+00
1996      10      0.0000E+00
1996      11      0.0000E+00
1996      12      0.0000E+00
1997       1      0.0000E+00
1997       2      0.0000E+00
1997       3      0.0000E+00
1997       4      0.0000E+00
1997       5      0.0000E+00
1997       6      0.0000E+00
1997       7      0.0000E+00
1997       8      0.0000E+00
1997       9      0.0000E+00
1997      10      0.0000E+00
1997      11      0.0000E+00
1997      12      0.0000E+00
1998       1      0.6479E-02
1998       2      0.1713E-02
1998       3      0.3087E+02
1998       4      0.3596E+02
1998       5      0.2640E+02
1998       6      0.7505E+01
1998       7      0.1914E+00
1998       8      0.0000E+00
1998       9      0.0000E+00
1998      10      0.0000E+00
1998      11      0.0000E+00
1998      12      0.0000E+00
1999       1      0.0000E+00
1999       2      0.0000E+00
1999       3      0.3066E+00
1999       4      0.6284E+00
1999       5      0.0000E+00
1999       6      0.0000E+00
1999       7      0.0000E+00
1999       8      0.0000E+00
1999       9      0.0000E+00
1999      10      0.0000E+00
1999      11      0.0000E+00
1999      12      0.0000E+00
2000       1      0.0000E+00
2000       2      0.0000E+00
2000       3      0.5246E+01
2000       4      0.1694E+02
2000       5      0.6034E+01
2000       6      0.1958E+00
2000       7      0.0000E+00
2000       8      0.0000E+00
2000       9      0.0000E+00
2000      10      0.0000E+00
2000      11      0.0000E+00
2000      12      0.1807E-02
2001       1      0.0000E+00
2001       2      0.0000E+00
2001       3      0.0000E+00
2001       4      0.0000E+00
2001       5      0.0000E+00
2001       6      0.0000E+00
2001       7      0.0000E+00
2001       8      0.0000E+00
2001       9      0.0000E+00
2001      10      0.0000E+00
2001      11      0.0000E+00
2001      12      0.6647E-03
