reach(subbasin) number:       3


year    month    simu_value
1990       1      0.2971E-01
1990       2      0.4011E+00
1990       3      0.1948E+02
1990       4      0.2841E+02
1990       5      0.1735E+02
1990       6      0.1128E+01
1990       7      0.0000E+00
1990       8      0.0000E+00
1990       9      0.0000E+00
1990      10      0.0000E+00
1990      11      0.0000E+00
1990      12      0.2407E-02
1991       1      0.0000E+00
1991       2      0.0000E+00
1991       3      0.1469E+02
1991       4      0.3403E+02
1991       5      0.2054E+02
1991       6      0.4581E+01
1991       7      0.0000E+00
1991       8      0.0000E+00
1991       9      0.0000E+00
1991      10      0.0000E+00
1991      11      0.1685E+00
1991      12      0.2402E+01
1992       1      0.2138E+01
1992       2      0.2887E+01
1992       3      0.9749E+01
1992       4      0.4533E+02
1992       5      0.4165E+02
1992       6      0.2800E+02
1992       7      0.5628E+01
1992       8      0.4335E-03
1992       9      0.0000E+00
1992      10      0.0000E+00
1992      11      0.1487E+00
1992      12      0.1999E+01
1993       1      0.2178E+01
1993       2      0.1540E+01
1993       3      0.1699E+02
1993       4      0.2893E+02
1993       5      0.3082E+02
1993       6      0.1732E+02
1993       7      0.1564E+01
1993       8      0.0000E+00
1993       9      0.0000E+00
1993      10      0.0000E+00
1993      11      0.5555E+00
1993      12      0.1847E+02
1994       1      0.3496E+02
1994       2      0.3302E+02
1994       3      0.4615E+02
1994       4      0.4316E+02
1994       5      0.3719E+02
1994       6      0.1842E+02
1994       7      0.1686E+01
1994       8      0.0000E+00
1994       9      0.0000E+00
1994      10      0.0000E+00
1994      11      0.1112E+02
1994      12      0.1800E+02
1995       1      0.1087E+02
1995       2      0.2968E+02
1995       3      0.1842E+02
1995       4      0.2315E+02
1995       5      0.3798E+02
1995       6      0.2912E+02
1995       7      0.1254E+02
1995       8      0.5521E+00
1995       9      0.0000E+00
1995      10      0.0000E+00
1995      11      0.0000E+00
1995      12      0.0000E+00
1996       1      0.0000E+00
1996       2      0.0000E+00
1996       3      0.3852E+01
1996       4      0.3385E+02
1996       5      0.2930E+02
1996       6      0.1143E+02
1996       7      0.5744E+00
1996       8      0.0000E+00
1996       9      0.0000E+00
1996      10      0.0000E+00
1996      11      0.0000E+00
1996      12      0.0000E+00
1997       1      0.0000E+00
1997       2      0.0000E+00
1997       3      0.0000E+00
1997       4      0.0000E+00
1997       5      0.0000E+00
1997       6      0.0000E+00
1997       7      0.0000E+00
1997       8      0.0000E+00
1997       9      0.0000E+00
1997      10      0.0000E+00
1997      11      0.0000E+00
1997      12      0.0000E+00
1998       1      0.6479E-02
1998       2      0.1713E-02
1998       3      0.3199E+02
1998       4      0.3926E+02
1998       5      0.3017E+02
1998       6      0.7285E+01
1998       7      0.2476E-01
1998       8      0.0000E+00
1998       9      0.0000E+00
1998      10      0.0000E+00
1998      11      0.0000E+00
1998      12      0.0000E+00
1999       1      0.0000E+00
1999       2      0.0000E+00
1999       3      0.0000E+00
1999       4      0.0000E+00
1999       5      0.0000E+00
1999       6      0.0000E+00
1999       7      0.0000E+00
1999       8      0.0000E+00
1999       9      0.0000E+00
1999      10      0.0000E+00
1999      11      0.0000E+00
1999      12      0.0000E+00
2000       1      0.0000E+00
2000       2      0.0000E+00
2000       3      0.6123E+01
2000       4      0.2580E+02
2000       5      0.8988E+01
2000       6      0.2169E+00
2000       7      0.0000E+00
2000       8      0.0000E+00
2000       9      0.0000E+00
2000      10      0.0000E+00
2000      11      0.0000E+00
2000      12      0.1807E-02
2001       1      0.0000E+00
2001       2      0.0000E+00
2001       3      0.1550E+00
2001       4      0.0000E+00
2001       5      0.0000E+00
2001       6      0.0000E+00
2001       7      0.0000E+00
2001       8      0.0000E+00
2001       9      0.0000E+00
2001      10      0.0000E+00
2001      11      0.0000E+00
2001      12      0.6647E-03
