reach(subbasin) number:       3


year    month    simu_value
1990       1      0.2971E-01
1990       2      0.2135E+00
1990       3      0.2534E+02
1990       4      0.4647E+02
1990       5      0.2203E+02
1990       6      0.9742E+00
1990       7      0.0000E+00
1990       8      0.0000E+00
1990       9      0.0000E+00
1990      10      0.0000E+00
1990      11      0.0000E+00
1990      12      0.2407E-02
1991       1      0.0000E+00
1991       2      0.0000E+00
1991       3      0.1980E+02
1991       4      0.5946E+02
1991       5      0.3044E+02
1991       6      0.7184E+01
1991       7      0.0000E+00
1991       8      0.0000E+00
1991       9      0.0000E+00
1991      10      0.0000E+00
1991      11      0.1250E+00
1991      12      0.4994E+01
1992       1      0.2364E+01
1992       2      0.4591E+01
1992       3      0.1979E+02
1992       4      0.6817E+02
1992       5      0.6357E+02
1992       6      0.3873E+02
1992       7      0.7336E+01
1992       8      0.5407E-01
1992       9      0.0000E+00
1992      10      0.0000E+00
1992      11      0.8026E-01
1992      12      0.5210E+01
1993       1      0.5125E+01
1993       2      0.4300E+01
1993       3      0.2155E+02
1993       4      0.3517E+02
1993       5      0.4436E+02
1993       6      0.2215E+02
1993       7      0.1719E+01
1993       8      0.0000E+00
1993       9      0.0000E+00
1993      10      0.0000E+00
1993      11      0.7156E+00
1993      12      0.2276E+02
1994       1      0.4551E+02
1994       2      0.4367E+02
1994       3      0.5756E+02
1994       4      0.4886E+02
1994       5      0.5277E+02
1994       6      0.2551E+02
1994       7      0.2484E+01
1994       8      0.0000E+00
1994       9      0.0000E+00
1994      10      0.0000E+00
1994      11      0.1184E+02
1994      12      0.2142E+02
1995       1      0.1429E+02
1995       2      0.3563E+02
1995       3      0.2225E+02
1995       4      0.3650E+02
1995       5      0.6171E+02
1995       6      0.4971E+02
1995       7      0.1895E+02
1995       8      0.1080E+01
1995       9      0.0000E+00
1995      10      0.0000E+00
1995      11      0.0000E+00
1995      12      0.0000E+00
1996       1      0.0000E+00
1996       2      0.0000E+00
1996       3      0.6085E+01
1996       4      0.5011E+02
1996       5      0.4468E+02
1996       6      0.1554E+02
1996       7      0.8897E+00
1996       8      0.0000E+00
1996       9      0.0000E+00
1996      10      0.0000E+00
1996      11      0.0000E+00
1996      12      0.0000E+00
1997       1      0.0000E+00
1997       2      0.0000E+00
1997       3      0.0000E+00
1997       4      0.0000E+00
1997       5      0.0000E+00
1997       6      0.0000E+00
1997       7      0.0000E+00
1997       8      0.0000E+00
1997       9      0.0000E+00
1997      10      0.0000E+00
1997      11      0.0000E+00
1997      12      0.0000E+00
1998       1      0.6479E-02
1998       2      0.1713E-02
1998       3      0.4464E+02
1998       4      0.6490E+02
1998       5      0.4335E+02
1998       6      0.9259E+01
1998       7      0.4681E-01
1998       8      0.0000E+00
1998       9      0.0000E+00
1998      10      0.0000E+00
1998      11      0.0000E+00
1998      12      0.0000E+00
1999       1      0.0000E+00
1999       2      0.0000E+00
1999       3      0.0000E+00
1999       4      0.2761E+00
1999       5      0.0000E+00
1999       6      0.0000E+00
1999       7      0.0000E+00
1999       8      0.0000E+00
1999       9      0.0000E+00
1999      10      0.0000E+00
1999      11      0.0000E+00
1999      12      0.0000E+00
2000       1      0.0000E+00
2000       2      0.0000E+00
2000       3      0.8938E+01
2000       4      0.3398E+02
2000       5      0.1237E+02
2000       6      0.4955E+00
2000       7      0.0000E+00
2000       8      0.0000E+00
2000       9      0.0000E+00
2000      10      0.0000E+00
2000      11      0.0000E+00
2000      12      0.1807E-02
2001       1      0.0000E+00
2001       2      0.0000E+00
2001       3      0.1551E+00
2001       4      0.0000E+00
2001       5      0.0000E+00
2001       6      0.0000E+00
2001       7      0.0000E+00
2001       8      0.0000E+00
2001       9      0.0000E+00
2001      10      0.0000E+00
2001      11      0.0000E+00
2001      12      0.6647E-03
