reach(subbasin) number:       3


year    month    simu_value
1990       1      0.3000E-01
1990       2      0.3078E+00
1990       3      0.1550E+02
1990       4      0.3248E+02
1990       5      0.1397E+02
1990       6      0.4008E+00
1990       7      0.0000E+00
1990       8      0.0000E+00
1990       9      0.0000E+00
1990      10      0.0000E+00
1990      11      0.0000E+00
1990      12      0.2494E-02
1991       1      0.0000E+00
1991       2      0.0000E+00
1991       3      0.1404E+02
1991       4      0.4689E+02
1991       5      0.2871E+02
1991       6      0.8966E+01
1991       7      0.4792E-01
1991       8      0.0000E+00
1991       9      0.0000E+00
1991      10      0.0000E+00
1991      11      0.4003E+00
1991      12      0.3611E+01
1992       1      0.2783E+01
1992       2      0.5426E+01
1992       3      0.2539E+02
1992       4      0.4934E+02
1992       5      0.4113E+02
1992       6      0.2094E+02
1992       7      0.4861E+01
1992       8      0.1408E+00
1992       9      0.0000E+00
1992      10      0.0000E+00
1992      11      0.3297E+00
1992      12      0.3415E+01
1993       1      0.3409E+01
1993       2      0.3310E+01
1993       3      0.1516E+02
1993       4      0.2199E+02
1993       5      0.2664E+02
1993       6      0.1298E+02
1993       7      0.1585E+01
1993       8      0.0000E+00
1993       9      0.0000E+00
1993      10      0.0000E+00
1993      11      0.3903E+00
1993      12      0.1765E+02
1994       1      0.4206E+02
1994       2      0.3667E+02
1994       3      0.5207E+02
1994       4      0.4622E+02
1994       5      0.3396E+02
1994       6      0.1322E+02
1994       7      0.1108E+01
1994       8      0.0000E+00
1994       9      0.0000E+00
1994      10      0.0000E+00
1994      11      0.1173E+02
1994      12      0.1560E+02
1995       1      0.1232E+02
1995       2      0.2532E+02
1995       3      0.1628E+02
1995       4      0.2097E+02
1995       5      0.3522E+02
1995       6      0.2472E+02
1995       7      0.9696E+01
1995       8      0.1077E+01
1995       9      0.0000E+00
1995      10      0.0000E+00
1995      11      0.0000E+00
1995      12      0.0000E+00
1996       1      0.0000E+00
1996       2      0.0000E+00
1996       3      0.3334E+01
1996       4      0.3220E+02
1996       5      0.2474E+02
1996       6      0.9330E+01
1996       7      0.1167E+01
1996       8      0.0000E+00
1996       9      0.0000E+00
1996      10      0.0000E+00
1996      11      0.0000E+00
1996      12      0.0000E+00
1997       1      0.0000E+00
1997       2      0.0000E+00
1997       3      0.0000E+00
1997       4      0.0000E+00
1997       5      0.0000E+00
1997       6      0.0000E+00
1997       7      0.0000E+00
1997       8      0.0000E+00
1997       9      0.0000E+00
1997      10      0.0000E+00
1997      11      0.0000E+00
1997      12      0.0000E+00
1998       1      0.6479E-02
1998       2      0.1713E-02
1998       3      0.3661E+02
1998       4      0.4623E+02
1998       5      0.2703E+02
1998       6      0.6723E+01
1998       7      0.1421E+00
1998       8      0.0000E+00
1998       9      0.0000E+00
1998      10      0.0000E+00
1998      11      0.0000E+00
1998      12      0.0000E+00
1999       1      0.0000E+00
1999       2      0.0000E+00
1999       3      0.1559E-01
1999       4      0.5301E-01
1999       5      0.0000E+00
1999       6      0.0000E+00
1999       7      0.0000E+00
1999       8      0.0000E+00
1999       9      0.0000E+00
1999      10      0.0000E+00
1999      11      0.0000E+00
1999      12      0.0000E+00
2000       1      0.0000E+00
2000       2      0.0000E+00
2000       3      0.5562E+01
2000       4      0.2182E+02
2000       5      0.7674E+01
2000       6      0.5830E+00
2000       7      0.0000E+00
2000       8      0.0000E+00
2000       9      0.0000E+00
2000      10      0.0000E+00
2000      11      0.0000E+00
2000      12      0.1807E-02
2001       1      0.0000E+00
2001       2      0.0000E+00
2001       3      0.5795E-01
2001       4      0.0000E+00
2001       5      0.0000E+00
2001       6      0.0000E+00
2001       7      0.0000E+00
2001       8      0.0000E+00
2001       9      0.0000E+00
2001      10      0.0000E+00
2001      11      0.0000E+00
2001      12      0.6647E-03
