reach(subbasin) number:       3


year    month    simu_value
1990       1      0.2971E-01
1990       2      0.4263E+00
1990       3      0.1065E+02
1990       4      0.1968E+02
1990       5      0.1035E+02
1990       6      0.1510E-01
1990       7      0.0000E+00
1990       8      0.0000E+00
1990       9      0.0000E+00
1990      10      0.0000E+00
1990      11      0.0000E+00
1990      12      0.2407E-02
1991       1      0.0000E+00
1991       2      0.0000E+00
1991       3      0.8836E+01
1991       4      0.2438E+02
1991       5      0.1839E+02
1991       6      0.4474E+01
1991       7      0.0000E+00
1991       8      0.0000E+00
1991       9      0.0000E+00
1991      10      0.0000E+00
1991      11      0.5294E+00
1991      12      0.4475E+01
1992       1      0.3412E+01
1992       2      0.4578E+01
1992       3      0.1306E+02
1992       4      0.3084E+02
1992       5      0.2388E+02
1992       6      0.1311E+02
1992       7      0.1313E+01
1992       8      0.0000E+00
1992       9      0.0000E+00
1992      10      0.0000E+00
1992      11      0.3967E+00
1992      12      0.4094E+01
1993       1      0.4252E+01
1993       2      0.3678E+01
1993       3      0.7374E+01
1993       4      0.1296E+02
1993       5      0.1609E+02
1993       6      0.8437E+01
1993       7      0.5525E-01
1993       8      0.0000E+00
1993       9      0.0000E+00
1993      10      0.0000E+00
1993      11      0.3395E+00
1993      12      0.1215E+02
1994       1      0.2162E+02
1994       2      0.2361E+02
1994       3      0.3743E+02
1994       4      0.3923E+02
1994       5      0.2430E+02
1994       6      0.1129E+02
1994       7      0.3276E+00
1994       8      0.0000E+00
1994       9      0.0000E+00
1994      10      0.0000E+00
1994      11      0.1024E+02
1994      12      0.7710E+01
1995       1      0.5621E+01
1995       2      0.1545E+02
1995       3      0.8827E+01
1995       4      0.1173E+02
1995       5      0.2004E+02
1995       6      0.1149E+02
1995       7      0.4368E+01
1995       8      0.0000E+00
1995       9      0.0000E+00
1995      10      0.0000E+00
1995      11      0.0000E+00
1995      12      0.0000E+00
1996       1      0.0000E+00
1996       2      0.0000E+00
1996       3      0.2541E+01
1996       4      0.1913E+02
1996       5      0.1226E+02
1996       6      0.3648E+01
1996       7      0.0000E+00
1996       8      0.0000E+00
1996       9      0.0000E+00
1996      10      0.0000E+00
1996      11      0.0000E+00
1996      12      0.0000E+00
1997       1      0.0000E+00
1997       2      0.0000E+00
1997       3      0.0000E+00
1997       4      0.0000E+00
1997       5      0.0000E+00
1997       6      0.0000E+00
1997       7      0.0000E+00
1997       8      0.0000E+00
1997       9      0.0000E+00
1997      10      0.0000E+00
1997      11      0.0000E+00
1997      12      0.0000E+00
1998       1      0.6479E-02
1998       2      0.1713E-02
1998       3      0.2512E+02
1998       4      0.2572E+02
1998       5      0.1795E+02
1998       6      0.3073E+01
1998       7      0.0000E+00
1998       8      0.0000E+00
1998       9      0.0000E+00
1998      10      0.0000E+00
1998      11      0.0000E+00
1998      12      0.0000E+00
1999       1      0.0000E+00
1999       2      0.0000E+00
1999       3      0.1950E+00
1999       4      0.2769E+00
1999       5      0.0000E+00
1999       6      0.0000E+00
1999       7      0.0000E+00
1999       8      0.0000E+00
1999       9      0.0000E+00
1999      10      0.0000E+00
1999      11      0.0000E+00
1999      12      0.0000E+00
2000       1      0.0000E+00
2000       2      0.0000E+00
2000       3      0.3889E+01
2000       4      0.1131E+02
2000       5      0.3103E+01
2000       6      0.0000E+00
2000       7      0.0000E+00
2000       8      0.0000E+00
2000       9      0.0000E+00
2000      10      0.0000E+00
2000      11      0.0000E+00
2000      12      0.1807E-02
2001       1      0.0000E+00
2001       2      0.0000E+00
2001       3      0.0000E+00
2001       4      0.0000E+00
2001       5      0.0000E+00
2001       6      0.0000E+00
2001       7      0.0000E+00
2001       8      0.0000E+00
2001       9      0.0000E+00
2001      10      0.0000E+00
2001      11      0.0000E+00
2001      12      0.6647E-03
