reach(subbasin) number:       3


year    month    simu_value
1990       1      0.2971E-01
1990       2      0.1365E-02
1990       3      0.1946E+02
1990       4      0.3501E+02
1990       5      0.1979E+02
1990       6      0.1831E+01
1990       7      0.0000E+00
1990       8      0.0000E+00
1990       9      0.0000E+00
1990      10      0.0000E+00
1990      11      0.0000E+00
1990      12      0.2407E-02
1991       1      0.0000E+00
1991       2      0.0000E+00
1991       3      0.1308E+02
1991       4      0.3618E+02
1991       5      0.2012E+02
1991       6      0.3168E+01
1991       7      0.0000E+00
1991       8      0.0000E+00
1991       9      0.0000E+00
1991      10      0.0000E+00
1991      11      0.0000E+00
1991      12      0.8306E+00
1992       1      0.8813E+00
1992       2      0.1160E+01
1992       3      0.5939E+01
1992       4      0.4566E+02
1992       5      0.4180E+02
1992       6      0.2572E+02
1992       7      0.5848E+01
1992       8      0.5743E-01
1992       9      0.0000E+00
1992      10      0.0000E+00
1992      11      0.2473E-01
1992      12      0.4616E+00
1993       1      0.6163E+00
1993       2      0.1424E+00
1993       3      0.1435E+02
1993       4      0.2514E+02
1993       5      0.3087E+02
1993       6      0.1851E+02
1993       7      0.2341E+01
1993       8      0.0000E+00
1993       9      0.0000E+00
1993      10      0.0000E+00
1993      11      0.1452E+00
1993      12      0.1293E+02
1994       1      0.3089E+02
1994       2      0.3368E+02
1994       3      0.4717E+02
1994       4      0.4055E+02
1994       5      0.4060E+02
1994       6      0.2289E+02
1994       7      0.3395E+01
1994       8      0.0000E+00
1994       9      0.0000E+00
1994      10      0.0000E+00
1994      11      0.1086E+02
1994      12      0.1289E+02
1995       1      0.7180E+01
1995       2      0.2810E+02
1995       3      0.1521E+02
1995       4      0.2881E+02
1995       5      0.4571E+02
1995       6      0.3465E+02
1995       7      0.1473E+02
1995       8      0.1148E+01
1995       9      0.0000E+00
1995      10      0.0000E+00
1995      11      0.0000E+00
1995      12      0.0000E+00
1996       1      0.0000E+00
1996       2      0.0000E+00
1996       3      0.2294E+01
1996       4      0.3999E+02
1996       5      0.3161E+02
1996       6      0.1195E+02
1996       7      0.7037E+00
1996       8      0.0000E+00
1996       9      0.0000E+00
1996      10      0.0000E+00
1996      11      0.0000E+00
1996      12      0.0000E+00
1997       1      0.0000E+00
1997       2      0.0000E+00
1997       3      0.0000E+00
1997       4      0.0000E+00
1997       5      0.0000E+00
1997       6      0.0000E+00
1997       7      0.0000E+00
1997       8      0.0000E+00
1997       9      0.0000E+00
1997      10      0.0000E+00
1997      11      0.0000E+00
1997      12      0.0000E+00
1998       1      0.6479E-02
1998       2      0.1713E-02
1998       3      0.3494E+02
1998       4      0.4208E+02
1998       5      0.2910E+02
1998       6      0.7467E+01
1998       7      0.8252E-02
1998       8      0.0000E+00
1998       9      0.0000E+00
1998      10      0.0000E+00
1998      11      0.0000E+00
1998      12      0.0000E+00
1999       1      0.0000E+00
1999       2      0.0000E+00
1999       3      0.0000E+00
1999       4      0.0000E+00
1999       5      0.0000E+00
1999       6      0.0000E+00
1999       7      0.0000E+00
1999       8      0.0000E+00
1999       9      0.0000E+00
1999      10      0.0000E+00
1999      11      0.0000E+00
1999      12      0.0000E+00
2000       1      0.0000E+00
2000       2      0.0000E+00
2000       3      0.6943E+01
2000       4      0.2446E+02
2000       5      0.8183E+01
2000       6      0.6667E-01
2000       7      0.0000E+00
2000       8      0.0000E+00
2000       9      0.0000E+00
2000      10      0.0000E+00
2000      11      0.0000E+00
2000      12      0.1807E-02
2001       1      0.0000E+00
2001       2      0.0000E+00
2001       3      0.2051E+00
2001       4      0.0000E+00
2001       5      0.0000E+00
2001       6      0.0000E+00
2001       7      0.0000E+00
2001       8      0.0000E+00
2001       9      0.0000E+00
2001      10      0.0000E+00
2001      11      0.0000E+00
2001      12      0.6647E-03
