reach(subbasin) number:       3


year    month    simu_value
1990       1      0.3005E-01
1990       2      0.5063E+00
1990       3      0.1883E+02
1990       4      0.3368E+02
1990       5      0.1362E+02
1990       6      0.2964E+00
1990       7      0.0000E+00
1990       8      0.0000E+00
1990       9      0.0000E+00
1990      10      0.0000E+00
1990      11      0.0000E+00
1990      12      0.2506E-02
1991       1      0.0000E+00
1991       2      0.0000E+00
1991       3      0.1257E+02
1991       4      0.4389E+02
1991       5      0.2420E+02
1991       6      0.5439E+01
1991       7      0.0000E+00
1991       8      0.0000E+00
1991       9      0.0000E+00
1991      10      0.0000E+00
1991      11      0.0000E+00
1991      12      0.1059E+01
1992       1      0.5896E+00
1992       2      0.1567E+01
1992       3      0.1506E+02
1992       4      0.5182E+02
1992       5      0.4496E+02
1992       6      0.1915E+02
1992       7      0.1962E+01
1992       8      0.0000E+00
1992       9      0.0000E+00
1992      10      0.0000E+00
1992      11      0.0000E+00
1992      12      0.1229E+01
1993       1      0.1649E+01
1993       2      0.4031E+00
1993       3      0.1018E+02
1993       4      0.1646E+02
1993       5      0.2249E+02
1993       6      0.8616E+01
1993       7      0.1877E+00
1993       8      0.0000E+00
1993       9      0.0000E+00
1993      10      0.0000E+00
1993      11      0.5411E+00
1993      12      0.1944E+02
1994       1      0.4755E+02
1994       2      0.4286E+02
1994       3      0.5077E+02
1994       4      0.3920E+02
1994       5      0.3187E+02
1994       6      0.9768E+01
1994       7      0.2126E+00
1994       8      0.0000E+00
1994       9      0.0000E+00
1994      10      0.0000E+00
1994      11      0.1007E+02
1994      12      0.9488E+01
1995       1      0.7023E+01
1995       2      0.2028E+02
1995       3      0.1051E+02
1995       4      0.1830E+02
1995       5      0.3192E+02
1995       6      0.2003E+02
1995       7      0.4931E+01
1995       8      0.0000E+00
1995       9      0.0000E+00
1995      10      0.0000E+00
1995      11      0.0000E+00
1995      12      0.0000E+00
1996       1      0.0000E+00
1996       2      0.0000E+00
1996       3      0.1333E+01
1996       4      0.2983E+02
1996       5      0.1962E+02
1996       6      0.4450E+01
1996       7      0.0000E+00
1996       8      0.0000E+00
1996       9      0.0000E+00
1996      10      0.0000E+00
1996      11      0.0000E+00
1996      12      0.0000E+00
1997       1      0.0000E+00
1997       2      0.0000E+00
1997       3      0.0000E+00
1997       4      0.0000E+00
1997       5      0.0000E+00
1997       6      0.0000E+00
1997       7      0.0000E+00
1997       8      0.0000E+00
1997       9      0.0000E+00
1997      10      0.0000E+00
1997      11      0.0000E+00
1997      12      0.0000E+00
1998       1      0.6479E-02
1998       2      0.1713E-02
1998       3      0.3674E+02
1998       4      0.4886E+02
1998       5      0.2461E+02
1998       6      0.3325E+01
1998       7      0.0000E+00
1998       8      0.0000E+00
1998       9      0.0000E+00
1998      10      0.0000E+00
1998      11      0.0000E+00
1998      12      0.0000E+00
1999       1      0.0000E+00
1999       2      0.0000E+00
1999       3      0.0000E+00
1999       4      0.0000E+00
1999       5      0.0000E+00
1999       6      0.0000E+00
1999       7      0.0000E+00
1999       8      0.0000E+00
1999       9      0.0000E+00
1999      10      0.0000E+00
1999      11      0.0000E+00
1999      12      0.0000E+00
2000       1      0.0000E+00
2000       2      0.0000E+00
2000       3      0.5418E+01
2000       4      0.1736E+02
2000       5      0.4134E+01
2000       6      0.0000E+00
2000       7      0.0000E+00
2000       8      0.0000E+00
2000       9      0.0000E+00
2000      10      0.0000E+00
2000      11      0.0000E+00
2000      12      0.1807E-02
2001       1      0.0000E+00
2001       2      0.0000E+00
2001       3      0.2506E-01
2001       4      0.0000E+00
2001       5      0.0000E+00
2001       6      0.0000E+00
2001       7      0.0000E+00
2001       8      0.0000E+00
2001       9      0.0000E+00
2001      10      0.0000E+00
2001      11      0.0000E+00
2001      12      0.6647E-03
