reach(subbasin) number:       3


year    month    simu_value
1990       1      0.2995E-01
1990       2      0.4805E+00
1990       3      0.1578E+02
1990       4      0.3757E+02
1990       5      0.1666E+02
1990       6      0.7162E+00
1990       7      0.0000E+00
1990       8      0.0000E+00
1990       9      0.0000E+00
1990      10      0.0000E+00
1990      11      0.0000E+00
1990      12      0.2476E-02
1991       1      0.0000E+00
1991       2      0.0000E+00
1991       3      0.2397E+02
1991       4      0.5836E+02
1991       5      0.2992E+02
1991       6      0.9238E+01
1991       7      0.2917E-01
1991       8      0.0000E+00
1991       9      0.0000E+00
1991      10      0.0000E+00
1991      11      0.6630E+00
1991      12      0.7737E+01
1992       1      0.3351E+01
1992       2      0.7098E+01
1992       3      0.3247E+02
1992       4      0.7811E+02
1992       5      0.7603E+02
1992       6      0.4381E+02
1992       7      0.8954E+01
1992       8      0.2454E+00
1992       9      0.0000E+00
1992      10      0.0000E+00
1992      11      0.3919E+00
1992      12      0.1270E+02
1993       1      0.8400E+01
1993       2      0.7532E+01
1993       3      0.3229E+02
1993       4      0.3028E+02
1993       5      0.4676E+02
1993       6      0.2158E+02
1993       7      0.2257E+01
1993       8      0.0000E+00
1993       9      0.0000E+00
1993      10      0.0000E+00
1993      11      0.6244E+00
1993      12      0.2014E+02
1994       1      0.4296E+02
1994       2      0.4331E+02
1994       3      0.7076E+02
1994       4      0.6032E+02
1994       5      0.5667E+02
1994       6      0.2520E+02
1994       7      0.2898E+01
1994       8      0.0000E+00
1994       9      0.0000E+00
1994      10      0.0000E+00
1994      11      0.1550E+02
1994      12      0.3538E+02
1995       1      0.2379E+02
1995       2      0.3998E+02
1995       3      0.2720E+02
1995       4      0.3503E+02
1995       5      0.6485E+02
1995       6      0.5392E+02
1995       7      0.2121E+02
1995       8      0.2182E+01
1995       9      0.0000E+00
1995      10      0.0000E+00
1995      11      0.0000E+00
1995      12      0.0000E+00
1996       1      0.0000E+00
1996       2      0.0000E+00
1996       3      0.1143E+02
1996       4      0.5429E+02
1996       5      0.5044E+02
1996       6      0.1851E+02
1996       7      0.1588E+01
1996       8      0.0000E+00
1996       9      0.0000E+00
1996      10      0.0000E+00
1996      11      0.0000E+00
1996      12      0.0000E+00
1997       1      0.0000E+00
1997       2      0.0000E+00
1997       3      0.0000E+00
1997       4      0.0000E+00
1997       5      0.0000E+00
1997       6      0.0000E+00
1997       7      0.0000E+00
1997       8      0.0000E+00
1997       9      0.0000E+00
1997      10      0.0000E+00
1997      11      0.0000E+00
1997      12      0.0000E+00
1998       1      0.6479E-02
1998       2      0.1713E-02
1998       3      0.5077E+02
1998       4      0.7531E+02
1998       5      0.4447E+02
1998       6      0.9545E+01
1998       7      0.1107E+00
1998       8      0.0000E+00
1998       9      0.0000E+00
1998      10      0.0000E+00
1998      11      0.0000E+00
1998      12      0.0000E+00
1999       1      0.0000E+00
1999       2      0.0000E+00
1999       3      0.1055E+00
1999       4      0.1662E+01
1999       5      0.0000E+00
1999       6      0.0000E+00
1999       7      0.0000E+00
1999       8      0.0000E+00
1999       9      0.0000E+00
1999      10      0.0000E+00
1999      11      0.0000E+00
1999      12      0.0000E+00
2000       1      0.0000E+00
2000       2      0.0000E+00
2000       3      0.1140E+02
2000       4      0.3277E+02
2000       5      0.1340E+02
2000       6      0.5572E+00
2000       7      0.0000E+00
2000       8      0.0000E+00
2000       9      0.0000E+00
2000      10      0.0000E+00
2000      11      0.0000E+00
2000      12      0.1807E-02
2001       1      0.0000E+00
2001       2      0.0000E+00
2001       3      0.1729E+00
2001       4      0.0000E+00
2001       5      0.0000E+00
2001       6      0.0000E+00
2001       7      0.0000E+00
2001       8      0.0000E+00
2001       9      0.0000E+00
2001      10      0.0000E+00
2001      11      0.0000E+00
2001      12      0.6647E-03
